27676
23739
4505
22844
8269
16155
23777
21101
3294
13629
31297
24896
30927
16492
8933
25344
29134
1782
13813
1028
21859
2190
11113
14133
31339
29167
10527
18122
3783
21442
28202
25174
32085
16578
2158
19973
28703
5918
2154
5922
17107
31006
10068
29149
31092
14602
4971
9292
3918
15432
22153
8879
12847
6596
2807
16632
15828
30613
21126
7563
2978
27613
17371
10562
27287
25840
16907
28852
21375
23737
29288
2743
11627
23386
17562
20515
13919
3347
16625
16601
25675
28517
4345
14852
21052
22903
30287
24991
3540
25528
9140
27448
22776
29382
11360
6643
13256
27023
32152
9169
17108
18102
5763
23090
25996
12600
29242
15257
4345
14415
22558
21168
17067
19094
1646
1676
8179
10350
27417
16433
5458
21921
24272
2393
2608
20038
5728
2161
31953
741
15935
32229
6790
24539
29796
9885
10272
25599
5212
10184
20138
2693
2459
26584
8280
3107
7184
30925
27066
15219
27388
30647
9013
153
2563
1398
5812
14373
29828
15557
3483
31035
19238
18807
6909
1777
4019
1279
22030
28920
21290
15414
6363
10111
2575
601
5944
1620
31494
13649
25082
6988
31648
5944
10855
11238
28533
8472
23019
15915
15731
29430
21005
10456
12149
1295
26784
28351
28695
32353
29758
26987
6857
21613
31986
1795
4643
6204
25909
8048
4217
5280
7964
9410
9902
8636
16847
13008
7501
20934
4925
16927
27605
23308
23054
518
14933
25397
3033
7695
8505
4042
11160
29343
7012
32757
27737
29914
24191
5000
27702
20929
3472
9024
7046
2205
31182
3660
9301
1185
26036
16649
26130
31179
32340
6416
22920
2315
32494
19058
28944
28583
12993
10818
18692
17886
18721
596
15478
4300
12234
21061
12834
11149
26484
8635
13730
19365
1703
18414
12513
9375
24273
19560
22994
28405
30614
17673
10338
22064
21607
21837
26795
4688
14422
13010
15722
12398
23592
21268
9907
20128
19116
9851
24803
20253
22348
1177
12247
18082
25314
11692
27227
10772
25293
1387
23013
32614
24131
27391
17028
5565
21992
21071
10003
2258
18848
640
7602
5016
20642
7612
18551
30240
30671
22067
18016
29369
23105
29792
12428
9819
10278
4750
30635
16454
4047
12698
13748
23782
15620
2810
18390
2042
25243
17406
17584
10741
585
26198
8900
25764
26295
16853
9001
8978
984
7029
21633
24745
12667
19866
16939
27545
29724
15771
9146
9854
18432
19070
8357
3389
8833
6403
31807
302
7590
24805
15850
8321
502
8028
10632
11482
8846
21222
7219
17727
16242
9287
8494
30516
25121
8398
21275
27428
26732
27099
23918
12291
12679
32158
12833
27186
8545
32033
18346
27043
28209
5001
29482
27453
27729
25241
13031
2434
19536
6263
31996
8303
32579
4787
26191
10403
13659
12933
13764
19908
10941
18006
14256
17439
13965
11394
26001
8590
20556
4957
13820
15775
32613
31348
10454
23794
26882
22805
25543
11235
28708
3601
29420
19561
7155
31936
460
31550
14419
31558
8334
4161
25783
30229
26985
24088
1338
27827
6747
13593
18924
11198
30494
3435
16489
26669
1880
7272
9137
8152
1298
22854
24115
25403
3947
13559
29227
27766
30093
2381
15406
10137
11745
866
17411
4127
19839
3383
4021
1976
5097
31387
11494
2636
24312
32079
25702
25404
6934
9319
19461
18411
942
27379
10917
31613
18401
6623
25235
24542
26491
280
22039
6150
23589
19440
31305
8060
25308
29892
3111
31513
31137
7132
7141
26383
25970
17810
25220
9770
21626
17335
5542
22101
28805
20018
11681
28255
30134
3818
20946
18687
8572
9447
24372
24854
3522
25268
15664
9013
19558
19463
29879
30815
22253
5795
15759
28176
9845
12926
30186
8061
2026
7455
14397
17438
125
1099
847
1898
22098
31712
10385
3554
4473
19201
29869
19280
2336
5235
18017
3665
20743
24135
1934
25873
6964
15546
15500
16214
25063
9305
7617
29120
28112
10089
28530
32335
3200
8837
3032
17957
2846
7305
21367
2189
18779
23983
30635
21309
30887
504
21380
18392
23462
2766
18131
23223
6621
13287
18309
28393
31666
3948
7472
29560
8851
11611
31468
26094
4469
21034
27492
24088
6528
173
17197
1802
32520
23353
3414
10595
27328
8202
9792
10963
31530
17634
30895
9946
2642
30195
4386
1234
31676
31743
31584
12079
9883
19902
7764
20486
12355
20608
2586
14028
27361
3091
27738
19297
3178
21991
7893
12876
20945
14192
1085
1609
25213
5068
10058
19201
2042
20646
20490
32024
3567
1626
889
25452
24144
31577
8529
1436
11732
28368
5155
27592
19626
30340
18343
2968
28520
29696
22865
1664
1092
25843
14116
7490
26758
4820
8395
31924
4669
26055
16102
18371
561
24260
17570
696
4634
31990
20364
17338
29455
4705
31143
19604
28737
19400
20923
29113
18921
28622
11761
29317
15487
6491
3229
9926
2093
28993
30555
9595
3203
11040
7261
18652
19564
18823
4611
13210
28257
27995
30892
15207
3292
13437
28365
23737
27408
27559
2880
7115
25047
6039
20958
30437
6380
6512
22095
19934
24666
29277
289
25311
15924
27255
11032
22633
1159
7913
709
20634
909
15185
28762
4524
11299
25194
27581
21438
13949
2537
30939
7127
8473
19876
15935
18472
7153
32249
27107
12689
13301
28014
22598
1639
21176
16789
12734
17013
26218
19251
29200
26688
17926
10656
3646
24464
9676
15729
11424
7467
12274
11861
9014
30692
5527
2109
12349
20180
11256
13248
8448
25832
27110
19901
23281
5532
22904
8770
31480
18181
20989
20140
32523
15637
3636
20240
11775
12827
29376
31450
12702
22665
6358
13492
5881
10746
28985
20906
10496
10099
4968
31627
22863
28393
3349
4754
11083
18948
17882
21061
21870
6691
19240
15774
3295
17824
6272
5737
12102
2645
12261
25581
16094
22879
5777
19662
25804
8225
2535
18482
28079
8844
169
27171
29816
19102
19563
20277
12156
4393
28487
27496
5063
25558
31187
16463
17075
11369
1360
15986
30138
23879
7716
22002
23689
10037
12939
31339
8533
15458
22921
7710
1906
17576
1571
26704
22562
26383
31438
10989
4523
3219
4392
23409
3244
16423
10726
4872
2992
20473
22797
23028
26884
5112
8806
16944
22214
32148
23083
5459
25919
21700
32263
6582
17267
17998
6718
13017
28149
10051
3879
24835
16384
4552
19171
25641
6852
16156
19273
1553
5886
17111
31776
20408
29899
2928
17809
11760
15806
19458
24283
18765
19760
13136
14665
5442
13015
5126
5986
23176
9115
25154
9311
16575
27812
10834
8162
7000
7352
25792
29156
32178
22468
19339
15087
23171
2232
5304
13454
12922
26008
13833
30211
5667
31184
5645
28983
32522
10953
20057
15351
17443
27321
25364
31068
11625
3519
5049
30603
27334
29999
10520
21919
29235
1323
25758
17892
2336
6259
29911
16454
32022
26237
4913
14601
20379
4041
12035
12218
22870
17519
18893
10853
10355
14586
26818
28936
7753
23928
16259
7496
4154
2770
30766
21091
28635
6746
15511
12646
15957
7075
25813
23968
20236
7317
28417
9558
7550
14272
9274
8888
14957
23793
3820
26900
5184
2051
9810
4682
7847
23032
21306
16512
7550
18505
12809
26646
5876
22137
13822
30172
12524
3568
4539
9603
32163
10247
2305
7250
31635
7776
4027
7194
19608
5496
23102
25196
26706
21887
17103
2057
19914
17767
10341
29850
30808
7227
10929
15010
7108
15538
26460
28592
27563
28420
7312
21721
29220
27900
21689
25445
14756
29774
32653
4553
19999
21292
7242
25814
22896
8980
22846
8495
24315
9708
19597
12544
23185
31056
10799
4589
18068
5163
6968
24393
19803
17028
6748
19593
10711
5019
31154
9208
31607
28213
30136
7596
4426
16180
31128
8888
28772
30314
30889
20643
6530
17839
313
20761
20977
22065
27786
23009
29611
26636
20506
26895
2244
4123
5159
4475
13828
2061
21363
27505
14550
17595
26693
32170
31840
18104
19120
12923
2548
22826
9239
11597
22695
13017
15345
5197
16447
11654
8650
8805
4947
1918
14474
5482
9389
25455
1786
19607
15347
31353
29060
11066
15751
13448
16699
5037
2475
6882
7195
3720
22249
22780
21137
29205
2994
16274
9790
7684
23365
32246
28152
8032
10706
1449
15121
20674
31711
19496
25564
19141
29932
24328
5998
14521
10578
32325
24226
26012
18289
12504
11872
5446
23562
1927
28446
32227
13802
513
7590
30118
11465
18986
26906
10428
20337
14772
29238
27519
15651
24047
4054
31981
11830
28130
15544
19800
28673
26266
4738
7518
22523
16834
30215
2332
29217
31348
22726
21407
28312
21583
13235
1691
4756
6346
7995
14944
12408
16071
11394
6665
27455
12396
25583
30711
18714
9006
3306
1662
22874
13870
8932
2269
29073
19145
7064
4212
17908
19306
25233
6705
24836
21667
11757
8268
15982
29821
4192
29748
3375
29708
27772
29897
23803
24390
11567
29899
15072
16149
26509
26002
295
14762
18895
6656
24187
3349
31644
13749
22605
6162
21384
7297
19574
25894
1499
30239
13854
27627
12435
6688
14813
31912
26796
30757
15649
2597
11422
20561
3280
17854
24616
20478
22318
16821
13644
26287
32000
3533
9883
26438
32242
532
26290
18808
1078
11264
26885
8061
21358
4541
26587
5132
7884
16326
2970
1158
2679
21683
5957
2930
23601
32593
15939
3881
7992
8952
1890
10450
16233
5657
24859
30609
24491
12055
19224
13308
28555
4952
14579
6095
17444
31899
4673
28128
14402
26764
29647
24149
6087
26261
5675
19220
23117
30712
32102
20603
28940
13851
22041
15954
11262
13090
9126
7421
31298
18627
9152
4854
2495
18774
2862
15995
2569
18220
32715
22404
5768
26146
29650
11768
3031
27510
18008
22560
19562
32729
19738
9564
14452
22469
11129
10517
23815
13840
6851
29170
7805
31938
1972
16719
25112
16420
10557
22251
31461
4121
29827
9440
24038
27569
4651
32729
24943
4860
14549
8063
3025
11036
4326
820
13622
26782
1419
3844
204
13323
9979
29912
28966
31929
508
15853
7135
11751
4264
2181
16512
31241
10353
19933
18083
28769
2403
17502
26457
4303
29353
12823
1482
20970
24659
17259
31515
19791
22102
14855
22933
1594
23764
2072
27395
32339
4510
11194
28251
3274
29432
24243
22689
11173
18332
28257
7433
12121
18433
20465
16476
7320
27868
17618
15260
4203
1768
9065
29163
28288
994
6151
15785
18885
1240
29208
22749
15158
10660
20893
9430
6898
13748
18652
5394
20373
29196
18005
16734
10178
28813
23289
25407
29183
5239
12439
17041
18118
1069
17559
21870
14552
26680
15082
5969
24533
7055
23873
23419
28938
12565
6781
7830
23178
29284
6759
7065
5248
15305
14754
10219
7363
22927
478
6859
20651
19073
29261
17391
6436
2986
11355
13675
7424
20831
22682
25813
28050
20864
22523
26535
24952
762
5444
20196
4536
30352
2750
26111
11535
11484
20526
22776
5509
3472
17671
1480
31813
25602
10974
31999
28588
1256
17438
30124
4000
351
19197
14461
23587
2867
21679
17959
21031
28250
29913
15624
19108
17345
13640
16907
20457
16716
13795
28877
23856
19224
2270
5886
15476
10755
7985
16137
30343
2926
22857
19959
2399
11841
4093
14480
22704
24880
10691
5060
3265
13885
4132
1098
21368
3966
6509
20871
14262
26913
15016
8113
747
1197
5578
5428
23777
22922
14382
28501
7644
28356
7490
18965
1765
524
18817
8024
21603
8192
4513
16710
24299
4524
25101
21490
15961
17232
6805
2617
8992
2147
21092
10734
23006
24793
6195
6964
11572
9122
701
1834
6612
12915
9587
18894
2267
6856
15728
15131
1122
18474
10927
4981
6735
11181
2428
28487
24945
31934
40
13803
21709
30491
5377
26570
31026
14883
8321
6084
276
11600
12230
5074
25239
3586
27458
233
5097
2686
21940
28194
25045
3638
30551
8985
5269
9035
18777
11666
22248
3408
30094
29283
4965
337
15974
17806
15375
7955
8989
19885
12329
3998
5169
13971
13388
27897
19481
30512
12470
22325
8244
11957
10725
23212
24064
23801
10085
2955
2188
31259
31974
31374
2608
12650
10641
26379
11899
17281
16796
21042
30829
21430
5660
22419
10470
9398
3867
28385
2399
2153
27627
31477
20184
1820
23993
18965
10513
478
12389
27511
20989
21546
30098
32257
12660
14535
26105
23635
26920
30189
27906
18951
23770
5289
4757
1591
2766
10114
14125
26432
18556
25693
22063
25542
14216
5534
17019
11513
1780
9872
4416
15894
21653
20231
10004
1328
17091
8772
6980
2352
5717
1304
25960
12571
28877
20301
2363
4243
31439
7233
13482
23969
4824
3796
1067
29617
21548
3204
24912
2014
2576
13271
12188
29296
25402
4602
15253
12707
31110
23463
8218
2475
490
11595
5623
26100
14508
5737
25015
24494
24018
29753
21434
3465
21979
24470
3719
189
17068
12823
1890
4942
10445
26235
29986
27534
29909
22602
8509
22755
29987
9913
20261
28106
7119
16078
11735
31516
7392
20678
1968
20625
15552
13492
9347
26242
25325
618
4586
21747
17648
24732
17881
15312
15763
20291
20345
119
9295
28992
2611
1143
14596
6466
1802
14743
30701
7657
8239
14107
27090
14636
27343
13378
17535
30456
31536
3091
28534
30489
12028
11865
16609
1630
29149
8685
1738
21240
12361
31795
12430
16420
27808
29159
11407
7434
10868
25882
20010
17124
9255
5239
20457
24162
32444
20427
17913
26701
28647
21957
5342
4460
2662
16122
16485
9636
9364
6699
9946
10850
3388
7627
31868
15422
683
4796
6958
28632
8201
23642
31343
14854
13545
16826
25484
9010
15134
23603
13844
18941
24272
20254
20621
31016
19664
11483
29029
21685
15145
11541
9260
25161
24568
6214
3840
28885
19069
3197
13384
9077
21105
32607
31909
9113
4506
8555
7461
15970
7070
1667
11706
29007
26645
14248
1003
10776
8929
4614
9674
15834
22210
5936
26918
23413
9765
4780
4865
32050
1597
14514
2884
7594
12373
8753
30898
13283
15717
18963
22811
15035
8163
28610
27090
18314
28635
747
29793
29699
15682
31874
21370
8027
23688
18694
17457
19118
24940
10246
22377
5278
15380
9444
6028
6205
11357
3289
13952
13101
32624
1593
22486
30469
19350
11512
19268
18935
7757
22638
19285
31408
20635
28247
5215
19328
30114
26398
26550
14523
6005
26459
20255
32351
13866
4762
13447
8438
15664
31582
8693
32190
25315
21605
15806
9736
9822
18222
22264
2526
24464
5049
5680
13800
5523
23950
9824
10385
3896
18944
27163
613
20967
21427
4363
5565
678
30556
8605
6559
23927
7624
19195
992
14055
26400
4923
20107
15332
15211
13781
11399
25551
17492
18011
29043
18642
13357
27492
12501
23156
32309
17866
22644
7786
25622
22549
18946
29616
31922
566
14334
3033
6175
25977
18905
3748
9456
17589
19288
7119
31415
13509
27449
7984
11720
12604
19737
11009
20543
26965
29333
19580
17476
22825
16304
3752
909
805
7796
8050
37
23994
1501
19199
620
18774
26610
16705
10336
8852
19253
22984
27162
17584
4925
18907
18331
4157
15522
200
969
18970
4121
7800
4277
26274
4320
14406
4383
5411
10845
24593
4924
8081
24834
8592
26807
29308
2675
27110
16373
24896
20715
3447
25245
31356
1500
24569
15704
197
2005
4814
5333
23451
16297
19857
3089
5275
30926
13551
24533
13559
6403
21432
31616
5924
31541
6709
19206
210
29092
26557
28217
6433
13122
21123
12615
3858
14427
8626
28292
1083
19067
11708
15722
4032
19341
6894
4830
28030
30784
8777
14005
11657
10671
23693
12919
30681
23104
17302
7523
14400
29132
24043
27059
18079
7425
18581
5921
24410
13317
4909
28329
9
29788
8761
11153
31857
4620
3001
13735
24498
25599
8700
20682
28097
12200
8376
26027
22809
22506
12378
18389
174
29493
13211
7403
18979
3314
4948
18737
27708
5665
31891
1358
15766
18752
17646
337
23446
1391
26903
14577
15775
25811
22961
23833
2184
4664
2658
30372
13901
8698
30506
9829
26116
29221
5107
9834
26643
21979
23145
28801
23201
4086
27147
11772
27210
24815
28290
21682
2839
11263
16434
5446
15789
30595
29456
32428
13508
19621
18355
31464
28379
14905
12973
2329
6186
32485
28187
22711
18649
7813
18811
10777
29551
26317
11198
6202
6029
10032
31646
12220
3292
8193
25138
30509
31300
27865
7104
19594
19807
28216
19154
15361
17965
30319
396
13307
27401
15805
30012
14938
30939
25016
4147
1791
9104
29678
21972
10128
15047
23501
19690
4216
1741
4032
25663
16175
29132
27035
1386
20923
20799
6713
18920
14199
25513
99
1646
24339
22151
26356
8318
1500
26755
28219
25145
3133
31722
9377
16500
29574
11616
4748
18189
26861
17107
15747
8063
467
1709
26258
26037
3400
25422
2032
16156
7888
21177
21983
26620
13927
30349
18132
11016
10692
27704
26328
30516
13019
12647
31278
1990
18341
11456
13110
21168
7971
11988
32657
12573
1953
32591
12422
30282
29240
19058
676
26775
22422
708
18601
20702
23042
2820
15779
5123
18586
15457
16981
2764
26591
7406
2524
3059
9076
23120
31123
23674
3363
23737
16435
31295
19745
1563
26687
29904
26515
29077
27039
18560
31568
18226
32394
28603
24041
30674
16298
7830
14567
30056
19323
23722
3155
15206
31989
28963
14972
15222
30058
21780
244
619
32177
8206
732
10615
644
8944
18529
26526
12327
9472
22407
22378
29002
30523
18982
17633
21809
20970
1329
6068
8466
12406
30014
11705
4287
8061
29763
14747
2692
12581
15518
31185
19027
2993
3417
23500
18462
18002
25515
24437
23941
2111
28098
20182
28337
7687
6847
7703
6784
31014
27651
1965
13794
19927
27561
14542
5763
17194
27731
8744
28842
26966
30250
16594
19553
27216
1312
29571
21974
10397
31865
12290
3329
16484
29577
11485
6279
7879
16319
21342
16350
9075
24546
3515
20658
118
11419
17805
29576
19538
29236
9859
13218
31311
22431
31064
15906
11541
14010
11010
7282
6009
18897
21549
28130
24472
21092
21735
25747
14370
7467
22685
2453
9209
1880
22086
3148
6139
26908
24798
8472
28443
2412
23574
13108
25783
32517
26954
28127
2342
8878
8371
24762
25744
30397
27358
17266
15362
10204
3676
7326
11457
2829
17852
20459
4575
15596
29110
22390
26637
17972
15273
11385
9136
27013
15432
9002
11575
32357
31375
15840
30635
32132
22269
15224
25991
8772
14077
25847
28619
17784
1189
24176
17228
21868
22178
32553
18510
3879
21619
29945
18516
23788
10966
14068
9783
32263
9344
2891
23670
23494
15121
9325
13773
12229
13383
6514
29705
24430
8050
15802
22810
12481
18216
7121
18026
15441
27449
6038
26221
16527
22245
31645
5242
14923
10061
30161
30425
26232
22056
18270
32541
4400
23735
11214
17587
22008
763
15217
28092
13636
12069
19715
6680
9022
18766
6793
1219
29635
1896
11644
20325
18350
13685
22057
11300
24410
19959
12888
22973
30306
30375
1836
9683
3243
13673
29258
27015
16549
29056
13885
13384
7885
5374
9754
6380
2679
25215
29791
20736
9162
21271
26913
10845
20236
4233
17255
29436
16672
24506
18897
22284
13644
3941
20093
25921
12352
16143
10794
11630
29780
4670
29342
11606
2834
9190
28742
32704
2036
20004
5917
457
26734
6702
1742
25214
13615
27787
22045
20650
18597
16767
11651
15085
24255
3530
29976
22030
20982
6034
6583
23954
10638
23453
11612
17038
23833
21187
26320
15545
28990
11171
17545
29125
20920
19606
22219
9968
3233
12769
29972
12502
21233
31791
25271
5513
25154
17214
9927
5347
15318
216
6966
2843
19674
10245
30526
24983
27628
15487
22784
513
20444
32358
4716
32669
25519
32309
15712
27354
7146
11509
23316
807
12557
15536
693
15111
25437
25897
25424
17000
11238
24778
7410
2865
32449
13790
13582
31770
659
8192
10782
17856
24918
11731
27277
3577
5724
26356
13013
25956
23952
3629
5861
15173
10240
21484
15045
17296
14744
3315
32380
836
21552
16720
8498
30458
5066
10128
8082
1982
24596
24624
20850
16925
5941
1364
2742
895
21957
25275
17265
4536
29
27123
2894
20697
28882
14025
19503
2892
28796
14340
8211
32
23228
20563
15933
11169
5245
899
17299
32300
14201
1013
23108
30017
5887
13392
1197
19162
500
29043
3966
12027
26137
14510
28440
16267
14475
32305
3130
12898
18320
18372
17373
26019
22928
24505
7772
19020
15714
13343
472
23819
12234
13881
25563
8532
14911
20015
15931
21168
28401
14082
19266
16472
9738
22213
19723
1794
8244
26379
25647
7419
12892
412
14754
25718
24246
25964
32727
14372
32514
1997
3883
9732
25613
17891
8576
19581
3706
19032
28968
3498
25794
31570
16134
3317
2682
1186
1007
10983
15573
21055
20822
29502
22633
3826
9513
12608
27702
31570
13558
7760
32228
12531
29778
24255
25420
9691
23163
16612
21818
1077
11068
29295
8049
10826
18193
8186
4592
26284
18060
13025
6004
17588
25847
8532
5438
32047
32315
1194
30742
24405
9217
27128
4752
17915
3606
4323
12430
27913
27156
3250
1030
15149
20031
31656
20230
21457
21421
18576
28405
1355
7082
10905
11547
26452
17498
22372
30820
15804
4256
7004
27744
29532
18239
19526
18831
16715
3391
18968
17116
22101
16275
527
17511
4776
4088
10236
6023
11217
26912
6623
2064
19687
24080
8630
28369
1798
10439
2455
17761
9727
31776
13821
10012
15694
11513
14944
25448
333
30357
7176
1341
16551
24127
14114
29668
4622
31280
31252
4350
2609
8115
27406
30665
3560
15495
11233
16799
5298
24453
28693
29631
28514
13442
6453
31312
26389
30583
28014
21667
18535
8928
7257
22201
12007
23905
1556
9221
9416
27311
30871
18290
27353
9134
22341
3240
31927
14807
24770
32395
9536
18909
1797
12037
14156
400
3502
11270
16024
23809
25241
17865
15619
16103
25779
2648
18429
26689
3340
6738
6716
4925
11822
15084
28080
13657
15790
18742
12730
11464
23552
29344
29081
23831
3727
22204
32549
32528
24589
30277
13759
10207
23304
4961
27016
19315
4799
26403
22225
15911
11827
20564
9683
31138
10625
24435
22176
10491
16750
25594
10586
16417
15684
24291
22179
8827
2781
32363
11348
7371
24829
1814
25202
13912
23525
19955
15454
7500
18468
10273
19019
12891
4017
29586
24309
30629
32055
7439
3473
26334
18864
18300
17407
29356
10293
30814
21831
14160
17428
28058
2115
7817
25892
127
32409
31413
11861
14855
2029
23866
10891
31834
13652
11300
7085
26004
16651
15120
16376
20424
7785
27464
410
4677
17938
5935
17532
26648
4718
19680
18015
8146
16473
7186
17706
30859
26652
31551
24450
20518
668
2053
25500
1751
20178
9932
79
15331
11131
17833
3182
18343
14609
18050
22612
5852
22521
21619
15808
19225
22270
10353
25060
17561
26110
301
23992
31039
8419
21051
16532
15575
18133
28276
8446
24223
29103
12697
12225
16390
25007
27961
319
18611
12657
7380
263
23497
1566
9536
17322
12906
4065
9036
10955
16250
28314
3492
3958
165
20183
11764
26291
24739
21248
13648
5210
3770
7377
28628
24616
28549
2829
23431
16659
2805
32625
9861
29403
7061
16615
22622
2530
8978
19965
10937
31037
10234
13205
21821
16139
196
15326
20657
11013
20497
2435
21857
29527
5681
29474
6340
2991
31721
13055
3677
29331
14963
16122
12255
26871
17607
23742
4244
18447
5657
17980
16383
26978
18851
29272
16321
21792
24484
21985
4281
10933
21417
12487
7023
30622
26635
15240
30643
28795
19129
18668
22401
16486
30519
12274
6440
25220
31207
4618
17579
14809
30856
20868
30824
23393
9212
19529
2295
15964
30542
11977
22613
18153
26611
29492
10306
24278
27472
24813
27623
4279
30077
8252
23740
22837
21833
13891
22185
8873
4478
32051
16236
7914
11110
27839
32058
29538
27277
18129
16553
27496
5577
31868
9677
9418
15736
24371
28833
27304
31497
29240
26793
12937
18878
28758
6102
28584
23727
22995
28842
12431
5651
7841
8092
15079
955
14548
3006
6543
1247
19289
19101
20715
32029
6372
2921
11647
14527
26410
15702
24764
26173
8785
30017
24601
18690
21668
22167
14950
2419
18060
883
22365
17966
23227
22534
21883
19087
31403
30012
31246
3705
10055
24220
26510
25427
488
12145
3632
29264
24962
11047
2745
28660
18464
11511
26512
10452
19597
15047
29720
19357
19540
16203
9788
5207
31211
12145
14924
15595
6956
7932
1287
22243
3076
2158
11257
29298
22895
19500
14343
14004
2212
10973
13896
20278
24204
16147
23318
21177
15225
14893
23397
1843
24341
26748
28756
10007
10393
16548
14594
3030
10047
581
28323
24998
3833
10203
7891
18562
25955
12259
24617
1650
31478
320
13584
12044
1151
28380
4306
25659
26832
7826
13046
5183
5814
22348
19660
22773
30507
31336
9542
23641
20428
11361
12041
26185
10637
28843
17604
30604
4011
15582
32705
5650
15074
18199
23738
11901
31969
5019
8941
12001
32763
1470
16754
16072
12063
30724
5837
14458
23050
8069
22208
18299
27067
16022
611
20564
14631
27301
9846
1430
26159
26981
21493
19997
11983
26924
1773
24722
11928
6297
28559
14387
4192
24953
20866
18135
2104
19179
28030
2092
10654
18115
10519
23108
28148
28205
26838
16208
32561
29075
20622
27819
6871
16320
24045
19226
8485
10309
4434
19538
9357
32027
6366
14778
3432
30603
12750
24691
9705
25675
13320
16022
8783
23274
31731
5564
31071
1133
9868
1732
8466
13627
21431
6864
907
24118
25298
23953
16459
6443
23952
27845
3496
21612
1285
8445
20091
25019
13565
13220
12314
27754
4498
1597
25734
6849
13054
28396
19685
24224
17325
11832
10290
14693
17559
29199
6707
30480
27596
2570
7851
9382
20816
12531
15570
17875
24106
3973
3842
3538
12728
23666
29363
8082
28997
15787
29865
6417
13789
20187
19820
28172
3168
28980
505
21979
15318
18543
31927
20631
17922
2318
12972
1917
22074
31717
10481
3223
4726
23256
28259
15769
678
27366
23964
19977
585
30567
15138
15522
28731
4753
989
14331
4302
16193
32719
13924
22045
26617
27903
17680
669
18212
22198
21114
23029
9378
27886
30721
21520
3200
28680
1749
1648
25351
1213
23575
14277
31225
1111
16444
20926
2839
7457
21939
9503
15334
22300
23239
13332
3763
20723
17094
30404
25813
18737
27235
20010
30258
18354
27481
6432
25093
31575
21329
8125
15582
8190
16902
18657
16362
178
12967
19982
32116
27166
29821
24954
16044
8520
5837
31330
28327
12924
19456
15264
13992
11397
2049
10368
12190
7204
24039
7120
19693
23482
24788
13622
25713
2888
3100
12487
30656
17561
30378
23764
8880
24510
21920
8711
21274
23483
4670
20911
11741
16256
30469
11865
17701
1819
14364
25248
1005
28971
23282
23110
29378
16536
16677
12675
14794
18049
23203
11932
1030
18550
17167
31160
10196
5864
20070
1776
14520
26589
18658
26277
26203
18920
28190
28694
19668
17241
23420
31281
6695
29105
452
5802
11531
15705
23053
843
4337
30099
25057
17803
31553
26800
8860
9313
11751
19588
18453
29786
25358
2839
2688
27114
9771
18333
28563
26111
15934
12200
9960
28892
3413
27805
1443
22309
2385
18788
25940
7478
12780
24676
27167
15545
10235
26031
29722
24696
18929
24953
16374
4719
31141
28367
31458
4134
28501
21126
19884
14654
15850
32369
9001
19529
27773
21719
11736
26079
18715
16419
28866
30190
22725
29406
20388
8017
2235
25563
27216
13732
1275
23217
18257
19799
22532
8302
4558
4610
14303
10378
28337
22264
9312
17946
11527
5663
15018
16710
21930
20735
25073
24829
24094
2072
13700
15592
698
15481
20490
27548
3080
12174
23563
24851
878
21818
3507
4445
6925
11301
27091
11155
19689
28760
32297
269
30026
23559
28385
27860
27747
27309
32091
20314
25394
21087
27695
29289
1959
10073
25711
26970
13320
24030
16428
16775
11668
7743
24123
5891
13927
7993
25400
24968
30365
31363
3020
3504
186
12200
29740
13928
30026
18707
30946
4770
2500
22376
5328
27467
30388
14107
24690
11645
4377
21563
5731
27893
4876
24718
16675
27335
22435
12259
30231
29776
3605
11940
16849
11885
10271
9899
10642
8426
1958
18006
26125
5694
12189
7646
15214
9077
31785
1764
4763
27757
9731
10829
14266
30789
5407
6224
25075
10771
18059
9933
26743
12757
18841
2529
18625
2475
6208
23223
25116
21315
20160
161
2661
10644
1669
12391
24594
15055
22606
30175
32115
16018
18830
31677
28984
7263
10514
1453
8244
22094
7909
20639
29792
3070
29553
19810
32035
10705
20966
26997
25808
6233
2528
23066
24433
13
5188
7595
30403
30017
24426
10033
22401
8277
9858
26675
997
13868
22576
11468
3949
21727
20602
32256
18395
6323
27108
32336
28543
32073
10713
29836
27832
24341
3149
30953
4793
12561
12961
30804
26505
15027
31175
517
2893
29212
15270
4950
9418
18066
16320
21974
30502
28464
7954
921
1262
4572
7995
26067
25694
22138
18657
8613
10460
14943
15697
18231
1477
14345
3941
22279
3692
5901
9131
12673
14176
30800
23491
9423
31982
29306
4361
3314
21223
21160
8821
14866
16804
21858
6591
4370
21574
27596
11206
6760
15426
24864
6194
29484
19998
29787
11352
21614
15221
14903
27999
9421
11841
23386
11681
18501
10586
717
4436
8777
21049
4271
18026
32274
2050
25899
29621
20790
27586
22439
9039
3196
15860
11838
11321
28399
13643
10609
24386
3889
12971
30745
31531
3858
30328
10144
11272
11617
15124
25713
6633
10755
22691
7853
19130
12353
22034
26400
23400
15206
2903
6259
21574
10634
14586
8355
7342
28841
14548
32434
20971
10744
11287
18588
1366
26488
19086
19852
9664
1995
14118
10320
6160
31815
32174
22026
17197
13641
7643
9513
4895
10443
18319
4248
14193
10041
11354
23349
8409
29313
2626
32645
539
19306
21439
18342
22570
26918
6410
8581
15760
3882
5783
849
3345
13629
3296
29743
6027
30159
17765
3375
28961
13965
26865
1662
6552
16178
2846
9438
1025
12960
3867
6996
16793
7727
18861
13600
21485
4933
1140
23538
27202
32551
18032
20059
3635
13582
1476
6786
924
24190
9913
12568
24503
17875
27653
9358
7045
12061
15438
26757
9584
13101
24810
9606
13870
20720
8681
29939
27880
10492
25429
6461
30364
5993
10168
1624
17600
8162
7135
20076
5928
24571
4062
18126
23849
31685
340
31022
12799
14497
6896
13586
30828
14929
19764
21891
22946
5717
25721
3845
11107
12660
16436
22989
359
7065
3959
19503
28158
24032
14011
31062
13814
28401
17116
10295
31679
16781
3429
30407
9677
8550
30222
15724
1086
21044
21891
18098
31165
9477
3431
12096
11174
30676
22937
522
32106
21342
18102
25800
23350
6961
29151
26790
6095
1030
30140
21309
25025
17488
10432
29634
5048
13077
4271
22653
25646
18685
12126
30845
14406
14249
3259
9611
7672
2885
8716
23132
12655
2657
2684
14603
29103
18428
7379
19910
18555
7138
21125
27079
18806
30009
8174
10885
27784
15190
8668
300
18307
12501
17486
20043
2823
3304
18043
26061
18083
16111
16406
3883
14396
4169
3025
21984
10931
6250
15136
15900
10178
14126
30527
12732
295
2413
29558
14714
29957
3024
21660
22113
29063
24547
12762
3973
15302
26475
4785
2032
32237
10745
3646
12511
155
14527
28605
27695
5000
1187
1101
13074
26988
23186
30194
5382
27420
31255
22496
8968
17910
31276
18423
6916
14720
28752
18826
26513
26700
3545
15716
18395
12319
10124
6925
13280
19793
23403
20297
20704
19831
18638
25570
2574
5440
3765
21671
8588
32157
1117
13749
19862
19493
24593
3829
13822
2743
16451
4326
26072
609
19163
1693
1398
23936
22223
10506
28823
13609
21492
14204
31963
3528
25876
31079
1146
1799
24640
3430
2358
17138
10599
10620
910
18520
6952
12447
12853
25716
29157
16759
32194
20428
27929
8803
17577
6746
6891
11965
9066
8938
515
10591
3336
7619
7580
6245
18365
28297
24538
3637
8684
22882
11870
957
29527
20312
3353
10236
16018
23039
27485
18628
1720
27223
18234
14526
11612
3827
6919
22190
27842
21851
18751
6648
16975
23216
31375
18532
23871
20366
8748
14622
26006
29494
7274
18689
12121
18925
7051
25620
11773
4767
22228
18517
15392
16328
12263
26038
2935
30613
16972
32614
20744
24390
4433
29265
409
13782
18452
17642
12904
478
16350
25640
29212
22199
16562
12750
11772
29918
12326
18416
30559
18845
8818
5555
15715
4584
455
14676
20194
9350
16354
15212
14498
10097
17888
3954
21452
13438
5716
32129
6304
12608
21911
22875
2406
24106
11359
10927
18856
24821
14483
10903
13726
20033
94
14949
3562
30335
7043
14239
2950
31246
1776
20808
28666
26788
22165
16993
26066
28656
14710
5552
17743
23934
1023
22208
4445
30682
13464
21545
16581
29432
9850
22289
10148
979
26305
29683
5404
22357
24514
22688
31049
28791
20126
15235
10102
12713
14104
20520
2193
5492
18851
25856
20957
23134
28607
3678
5095
9742
29318
710
13755
25520
28546
3175
12375
24987
4034
13286
7776
29233
13613
2141
29716
5127
4630
10404
29568
25927
24336
29135
12531
26194
8963
30455
15282
20393
16767
9790
16109
32525
17233
16141
12018
16357
3412
32160
22177
29409
31114
8133
22816
22749
1643
9952
31696
1288
4221
31539
19583
14917
18981
21596
30687
14289
26045
2847
25654
14630
9702
14438
25688
11552
18464
17798
5843
26719
32152
20932
17769
22252
26176
4376
22723
28959
16933
2097
13411
30656
19710
18872
3803
15212
30720
6361
6716
29498
30202
5376
4306
26271
19869
21216
31246
28303
26139
1722
15300
4581
16885
9180
19351
16645
23565
5480
5297
29888
23299
29782
26039
13432
3774
24252
31483
18308
27721
21581
30964
5589
31713
15392
27372
31706
27980
30644
6649
5538
18028
10032
20526
17729
24595
751
23570
30836
9497
28219
26705
29064
18348
10073
31666
6007
24808
14535
13641
4437
11943
4033
6382
12522
25499
23561
32750
28833
15770
7400
512
2209
22072
32624
27258
24377
24987
29189
3524
22657
20363
4380
4877
18750
713
20801
1598
4359
4770
2655
17964
8102
19139
18492
8978
27073
23887
1091
16702
4282
31535
11398
5130
16851
18090
7171
1294
4246
21557
26662
7060
20596
11660
10128
14412
12716
2817
5655
14658
9582
14100
14862
6668
19776
20549
28358
25672
31138
23846
30804
1094
31725
26292
1173
22017
20353
3303
15728
32340
24095
18824
20571
25706
25492
21827
3873
24439
13464
25341
3554
27813
27893
9576
25179
338
18668
21204
26727
19832
11732
6984
12230
620
9732
17617
30494
29132
21491
25114
22591
6322
8350
22333
2475
27438
10538
8409
22870
29684
12235
4453
17578
7249
5092
30915
20942
12388
5488
27160
3624
29578
26528
5084
22049
22810
22213
24109
18984
13651
1393
17257
5369
31378
1241
5883
26399
22216
19582
11893
19383
17708
21773
8416
14968
26669
23171
4175
2800
16299
2452
12731
11536
3942
7246
1802
19179
2487
10746
32625
14267
4734
11843
29180
20517
11867
2970
9835
12222
29217
3288
24640
24525
1671
10789
8214
25427
5153
5401
3892
17480
11151
20514
18786
1576
32245
21798
30972
8622
31147
3945
31044
28127
7989
11440
29436
6731
8821
2471
10037
7824
11295
15744
23650
17183
20334
2269
8624
10051
2069
11248
23706
26719
21625
26592
21687
20087
16413
12143
12759
8689
29277
19163
8271
3741
5472
29441
3985
14324
10568
10184
16128
25245
6059
17853
3330
22326
6983
7931
15446
25168
20465
6990
9128
5563
32463
9112
31586
12037
31431
23667
15814
18237
8503
29719
19770
12284
21223
1919
21730
8615
31036
25287
6004
7918
27566
8409
8264
12696
18811
28232
2735
25731
7069
29564
21382
7910
21242
10768
26891
17626
30428
8568
27887
16665
6048
30439
23724
23557
22962
1135
5144
1004
11449
2923
24122
27274
782
24090
2141
7119
7539
19596
11108
29155
16130
22722
8029
2664
23907
30225
19801
8447
8514
22471
21370
29453
19200
4881
12109
4287
20393
6172
25178
16203
16935
18043
17658
20601
23733
8393
31593
4963
16022
25487
16668
17016
12806
871
32341
4807
3697
22114
23540
18555
2787
27816
18832
29857
5312
23646
10694
16434
32437
1229
6353
26701
7150
3264
347
20420
7049
8237
29587
18906
14411
12568
29312
587
4242
16309
11157
9869
14987
28109
19589
13398
26789
24930
27481
4446
12870
14998
13503
20582
21692
8393
21669
18297
118
11010
19718
23410
1652
10128
12036
9406
31228
1777
27192
20835
6799
28146
9798
26689
6683
13080
23220
20888
4978
19263
6396
18635
17659
27009
15583
7012
25511
22105
30461
22871
6695
16904
26019
23179
2141
5688
12260
15766
22288
2784
22251
17353
13283
615
12687
11884
18824
28940
17960
330
2097
21381
30369
20081
21063
30950
13007
28467
24927
9157
9473
20080
30570
18076
3289
10264
12331
24430
15450
25067
1775
13998
27457
24963
25720
1372
21657
917
18746
18033
21130
6260
26570
14205
27762
2518
17299
19599
2871
3547
10187
6997
18395
2891
2725
388
2128
4895
12488
2682
24206
4932
9473
22563
24036
9883
22580
4889
23179
9796
32153
9743
18305
24604
30500
18543
9876
5764
26181
7234
16061
11621
13522
25425
3248
10353
10818
3977
8625
24235
24859
12964
25769
1833
12461
4358
27001
792
24321
23525
21134
2306
12045
22189
28854
5452
7977
27555
5426
17411
27591
29640
18956
30680
10846
13824
25771
29288
4263
24947
9892
16833
15372
1844
24787
10018
3422
22305
19627
23299
27846
9226
4042
21077
2558
29461
7632
26891
27840
6752
27762
5593
27007
13033
11722
2876
20054
25003
1265
27066
23614
15370
26832
26475
24707
19313
10547
4280
633
29754
18975
1635
6507
17358
10598
23752
7892
27149
8824
98
4305
25072
9340
17296
22743
3436
28320
31129
2721
18586
26285
17134
3949
14358
15838
28336
4456
22181
22514
5490
15207
1562
10368
20800
8407
10106
31371
14048
25079
32350
22102
29783
24645
25497
31097
14512
5941
2843
5429
18680
27945
24853
18181
26253
4254
16990
32629
27289
13731
5142
19255
15065
18320
32393
12916
31651
25332
20309
8800
8999
11215
18128
5393
20981
21506
21668
27537
5311
26115
1980
11826
29536
10197
13668
10017
28958
10808
7083
2878
25132
22557
780
9515
14963
6748
9038
13987
14739
25513
20393
1038
6180
14533
11818
15954
6721
2289
32345
16107
11079
27304
13080
19006
26330
4237
25550
19498
13097
2723
22725
17121
20595
10172
14033
19446
459
2868
3635
1975
13080
19166
20668
18108
16479
10559
29494
13760
16965
16378
15871
31664
975
11916
4343
32258
1389
8505
7836
16200
12599
17478
25204
3077
9334
30569
22188
27071
12902
21886
11518
31829
1082
25723
3800
21907
31329
422
10426
25348
13064
24070
1247
28167
23008
7959
31009
25125
9505
30658
11287
19874
9167
19851
30080
20562
16700
15885
7652
27822
8654
6307
16760
28455
15618
8297
23107
24507
22705
10851
13695
12741
18834
27643
22594
9753
7425
3505
5981
4944
4094
22030
26244
2145
30585
217
8880
32114
32205
5774
23490
1773
22922
22540
24937
16085
24951
4750
5957
22619
8663
28636
21581
4524
22252
5827
20846
30734
28858
12226
27508
12843
1037
8710
15406
17580
19645
7321
20173
1290
9521
16342
29582
11937
5922
31520
30361
19975
27041
29395
15912
30363
20572
635
5099
30305
8221
12100
7596
31757
11411
7858
18735
25437
13141
26002
12124
7084
30756
17201
12959
23749
30320
7371
23696
7669
19486
19782
16079
868
16777
7456
23346
13732
4807
30375
22307
22411
24109
10856
32323
3646
23573
22505
22612
20367
17374
20123
22101
27273
565
31498
23278
32328
9363
13399
8719
21263
7687
32232
19413
18836
18742
4446
3757
21662
19360
17607
21691
12498
15909
8469
18557
20170
16071
15568
5291
9064
20401
12039
23394
21098
10105
11916
10370
26430
22178
12641
25429
4119
26213
8301
881
3904
21680
29555
3295
22193
4464
18757
6012
480
24844
20533
26016
8665
18481
4813
19966
3985
25813
31936
31947
14455
22646
11295
20515
6477
10147
25296
21416
23350
12990
11325
8044
18192
11264
2889
7697
771
11965
17544
32302
20058
23530
6319
21237
12178
8156
841
10259
18609
1362
20908
3288
17882
14774
9772
23192
6685
9888
15246
14929
32403
17564
31936
11661
26539
2861
17607
7818
25791
8722
23288
15257
7659
14279
32619
8644
25630
8527
7085
6835
1905
10033
27573
29137
26552
9153
13081
9386
29527
22176
21122
29335
2136
4486
20830
3998
27578
8767
12244
32404
19211
7668
5373
22148
31801
29100
11601
30549
28581
23570
19807
29094
2169
13433
11458
9725
20284
8989
19792
24353
12963
11948
25236
27588
19114
17157
19839
31589
20964
5439
90
17013
18703
2285
24319
10681
30956
31392
28489
3311
17998
5038
28105
19636
3184
2866
6842
14245
29067
30804
21303
3781
27048
6603
19116
10527
23475
13984
30859
31404
7378
31796
3648
630
13813
32132
2406
25598
10157
14252
13883
12251
8257
16298
13905
8101
22527
32101
24455
18705
2000
6126
1848
3165
11791
30469
3506
16879
5531
32223
15850
27449
21291
25382
21870
27359
11490
19010
18586
2076
8228
471
5903
16738
31143
2958
17505
12864
13261
20761
18704
4233
3889
10865
4026
1203
6527
6498
21134
24957
5770
24138
27908
32468
32664
18974
30155
15352
3328
29101
13571
27867
32248
9769
19117
14026
4776
22243
6496
8270
27779
16470
18749
22613
18646
3175
30501
30861
18849
18411
25641
18193
16551
20842
14657
15175
12481
9506
13121
18952
31095
10831
19210
15618
24785
26026
11773
6491
28523
13616
6838
22935
21192
31012
30198
32444
14824
20055
11232
15540
24605
15783
12649
17906
14874
1222
14858
31321
31053
23613
30135
32089
22895
24240
27413
30555
27737
30051
16872
1631
22553
28157
4554
8675
15173
7564
2339
30215
11151
13514
85
31216
666
10655
19767
17770
27916
23014
27333
27089
28645
19316
18710
21041
22543
11606
22926
28332
18485
32347
11092
12060
22745
31955
11270
4346
32417
17301
24748
17535
10994
14407
10987
11528
23232
11993
28284
16575
1957
26195
10972
2936
12080
17105
23876
22745
25727
26827
16091
18878
8208
7578
13099
22747
16852
4408
31441
4772
31109
30024
32377
1129
2362
1366
17930
9926
5689
25695
28702
18234
31756
29588
15797
13590
21975
1627
1578
13721
12776
6039
10086
857
9104
25641
18003
23780
10033
3767
29587
26280
3225
12459
2163
25616
23438
31871
20506
3056
26282
21817
20743
31779
106
32561
19130
4211
1665
19994
15280
8376
14194
29760
917
27204
1629
22287
30134
10367
24857
3285
28597
8399
7300
26569
18560
9659
31511
12875
11139
21839
446
109
13341
5826
3814
15027
23889
6998
26583
17943
6591
26240
12356
27984
10194
8521
32
28500
30266
15604
2996
22300
11421
10465
4591
167
11401
8113
1277
28481
7854
20395
8475
22789
24650
25182
26025
2977
25828
10120
9344
3673
24637
26423
7047
9551
19588
7982
19585
6657
8393
12170
1833
27923
19380
15014
22913
21839
18039
15419
23143
12266
21505
7116
617
17928
16500
15937
1754
2947
13530
23250
27429
15080
29460
5926
15458
29379
3602
11964
11047
14365
29258
10635
30625
578
21090
26085
25571
13256
19504
31137
8317
9420
23013
11897
26449
8831
25477
7601
14498
2018
1179
12026
28270
21453
23082
32405
6654
24630
27878
28347
24507
7856
2980
26685
17731
32306
10768
3688
9660
24090
6046
27179
16489
12913
8899
20604
5498
15729
31844
2039
1321
580
28559
29128
25858
21775
16745
14796
32642
11311
19815
20979
12772
5827
12737
15593
7224
31850
8228
27637
6069
2638
9896
13345
26448
29025
1281
7835
22158
23014
25081
6235
14998
12340
29982
17670
2442
11958
30903
30994
31767
18743
30717
7980
27979
23900
19848
3286
27815
19570
26120
2645
13942
25194
6965
4554
1629
11810
15113
2463
30770
12007
3884
32292
27409
31543
30896
7802
6829
17611
29694
177
25317
24021
6416
28973
24984
9094
27617
20814
27321
29139
4386
18768
678
1145
15151
20847
21173
26942
25409
22095
19472
26490
8933
31900
27844
215
16813
18413
23316
28501
19237
10479
19219
17553
16648
14015
25202
3654
15796
6039
3734
9236
6876
23725
237
640
28797
21848
17795
22333
19
7541
10192
8874
24588
27401
22997
4763
31613
24360
4455
31324
14868
24085
4042
3059
25678
12970
18305
13990
6121
250
5221
20157
24733
19510
14837
25225
18695
5069
7149
24741
30694
19415
25882
29564
11657
13492
4204
13835
13704
22000
2125
9705
8371
8298
20529
30340
23368
31670
27758
10669
29545
17087
31823
4439
9164
29617
14947
7835
30389
5910
22299
8704
5409
8767
24980
24826
5700
22757
12978
9392
25398
29200
3694
9730
746
1080
28529
31435
25183
31914
12513
26723
27930
9774
2683
16233
2515
743
4834
9407
20335
32122
15414
27605
1582
13683
32489
26155
18726
27364
9934
19473
23536
19790
30323
8882
2209
12741
5297
17232
6651
29776
30849
26577
17893
2191
18193
24699
7193
32160
22552
22268
19741
31042
21606
17069
23924
28219
8895
29207
6421
4600
5865
19895
23324
21876
5892
14334
32192
25947
11034
11932
1669
30062
10999
4350
25266
23337
32315
12309
18438
15267
8877
2906
3495
20663
27858
24335
4443
2401
14015
26567
31994
2410
28971
32552
36
19528
19144
30192
21039
28480
25044
20278
4195
26317
13290
16627
19562
9029
16415
7616
24322
26810
3914
3041
21237
24094
5795
11651
31819
6059
10384
7746
4030
8322
26555
27118
20078
18323
28776
24719
6614
13244
11270
27558
1023
821
771
18614
12275
31275
24805
19715
5749
1195
16023
5786
751
4034
9984
20113
23724
32227
27098
24720
4167
14984
28866
19345
11620
12572
27275
28643
3229
11033
16600
32373
4544
22894
3050
27985
24119
3363
30902
5479
1991
25407
21819
23948
10110
26602
14098
5826
21734
29903
28743
28090
24959
20164
18023
5527
26732
18093
8154
4085
1645
24989
7027
13866
19981
19519
17990
26571
19485
7541
25530
627
12384
11326
31711
1727
28296
31965
9217
3741
27489
2360
13693
30919
2637
26750
26323
28042
12016
6668
31485
8396
1836
30610
31487
30029
12624
4721
11712
25901
4748
104
16920
21423
29097
23408
24362
11324
10742
30948
3828
29355
2694
7141
14116
10431
13720
9981
5165
11505
5207
4354
27291
30320
12996
8510
25251
21095
6128
14028
16895
1662
28270
8005
30713
31907
4360
16541
12229
23562
20401
6727
23827
13170
187
24992
30437
6315
12874
15754
21662
24917
4105
25943
24924
22762
20763
9962
6536
6143
16981
6168
1708
24774
16554
30548
11652
9432
14310
32652
8791
6193
31136
13134
14215
30076
105
25391
31336
22418
29514
29549
29262
19517
32110
9427
21994
1089
19995
25821
10966
17565
21735
26909
878
32014
3624
6621
20194
10197
29612
4102
28553
22202
26026
10817
2936
4433
8185
32091
19284
26748
3968
9198
31588
25393
7150
12606
17130
10365
14763
19297
26036
2761
22542
12451
17390
22621
32720
11304
3130
5410
13760
15827
21507
428
30137
31079
2573
4983
22993
24812
30545
17009
16852
15957
16905
20409
3825
16479
9991
27047
18354
24252
23882
20748
14386
18801
22483
25531
25226
26493
22965
12360
21388
10427
4204
30479
12212
12041
10351
15480
3163
4778
4105
20602
26926
17897
23652
28510
24031
23551
1255
24518
20506
14135
26817
12781
17851
25168
21190
1072
10046
6435
28539
28878
1654
17542
26988
2284
15746
28015
8134
220
31230
27485
11041
29086
2166
20979
9374
21415
29728
25062
25394
5858
20170
282
9025
31733
13585
32264
19567
4805
25300
8803
18867
572
27624
22779
10157
32074
27917
27361
27961
2345
18721
6092
25156
30950
18068
3515
14558
16925
8476
988
19601
3844
25514
31917
27633
12714
7836
29537
24693
23681
20020
30853
10373
17435
1353
483
6100
3633
12348
29095
20976
12777
1070
6336
21272
11608
28272
14473
31565
13382
6203
18345
20395
15410
21154
32312
26106
2454
32452
27939
11905
8813
17990
9425
4122
18929
14337
12038
2700
27049
7415
24584
21268
2979
6540
17153
8005
18943
28403
9637
4627
22445
28902
1812
32554
1654
922
28162
30852
28225
13810
27157
23098
6543
19443
17550
18586
23369
19832
9260
21627
12731
27942
10317
14797
23264
23459
16215
27764
32224
23299
15446
26455
3543
9859
28647
29107
18904
634
18516
20150
32306
2188
15616
2889
27377
1057
2310
24109
29608
29461
31005
20041
31854
32434
20671
4930
6183
219
2698
25677
27653
27017
30694
10561
27726
6268
1000
16881
22111
32554
7542
22456
3057
7932
3244
27989
13211
14265
14207
8441
17048
14914
6560
21663
21451
21377
29603
12444
28672
9116
30049
13431
11125
30062
26523
18938
15513
2615
6368
3721
28691
19858
4528
18099
7686
1448
21473
12295
1171
21412
10562
9513
11168
6247
17791
18469
13784
4476
16196
9986
17139
16974
9381
3739
18232
32152
11966
32682
31808
8990
22678
31270
20220
26011
23882
4815
28410
11514
24935
1799
25315
26824
19351
17123
17993
26346
4224
3458
5279
651
30185
20381
9609
16217
4382
10336
15959
9457
1174
17528
23755
28311
16596
11118
7971
25387
19595
30515
27987
26968
22533
10748
18323
11279
8133
5711
24089
25396
25196
3422
22056
5271
28121
18325
24649
24869
1940
15215
985
12896
13421
22157
17347
23564
9056
19721
143
1579
16316
29448
15260
29484
11909
21646
8105
30304
15126
32663
29338
11949
30474
13411
21625
22918
4445
28689
28604
21018
10447
1391
32454
4300
7561
14353
19120
16100
9731
3488
1864
12932
11045
18805
12378
26333
12205
18022
19503
17570
18128
8928
14164
20157
24100
29495
23964
1858
24253
28217
1128
8353
27030
18441
2598
20255
13107
12075
16152
20103
17029
8155
15191
28700
5902
419
22039
17619
31302
17196
8748
14271
60
26709
5070
11469
31616
16002
13209
30641
26689
11062
727
16160
4787
18661
29954
8256
31923
17923
8837
9821
18094
14945
6339
27357
8127
26297
27482
29046
279
4744
27305
5278
14498
31771
9104
5699
1768
3821
3190
10429
21553
21552
913
1025
16620
20906
609
23319
5457
19138
10878
17870
21574
6107
3988
29358
30079
2016
25260
13614
2794
32
25261
17447
21834
20061
13858
15497
3105
24863
4669
15437
23764
23118
21276
10666
25866
12288
26956
31372
11349
20368
16524
4162
24852
30448
979
31606
23704
14400
25236
15459
12933
23455
15168
21314
20347
4929
20237
13573
27382
13761
25334
30792
20595
29369
29186
20101
17365
13713
21706
7559
1286
10900
565
19745
14049
6729
19847
7455
11600
3840
17818
6013
26289
30891
6506
29399
13439
17135
9688
31009
22318
4475
4263
18072
4438
5785
5323
29944
30228
14338
25571
1776
30382
30199
16644
10195
29557
18573
14520
5008
21488
26441
6726
15076
27190
12012
5684
30670
9628
6544
9739
26180
22672
31988
8538
13604
5573
789
9213
877
26769
4350
10655
7599
27795
4064
638
12224
2200
19557
1390
16049
20671
24642
8993
32512
21468
23052
16037
23311
22555
5964
28462
15829
19174
1237
3862
30164
26632
14677
15394
17483
23570
7723
11527
27820
26109
6776
45
22608
15378
29817
26546
8810
14343
23828
22194
8250
3691
22960
5062
14723
5444
74
21706
9534
24054
14789
18404
24208
9830
32386
11713
26106
25952
16689
26914
8912
30262
31719
10136
30956
10154
4976
1931
26275
12814
1254
24449
16120
22698
4482
2717
21520
14942
23731
24166
9702
5513
12397
11723
26944
809
23492
32099
31458
27971
24505
19705
4865
17541
24148
6727
19706
14634
32755
258
22340
31518
17121
7191
24483
17762
26922
3125
3999
14515
30894
18315
11573
18790
373
5843
13260
17559
7746
25487
31083
12418
25451
15250
13352
3121
12263
11715
29668
12888
5289
25630
25653
25469
17964
7931
27300
15195
19536
30099
29977
5513
25700
32704
3219
9559
18820
19716
28
17657
22309
19661
15357
16359
14830
3063
8494
7299
8906
27539
28944
10492
12347
13543
8542
20339
497
11957
11361
30045
10907
6081
12644
27177
29693
10893
31080
10530
10562
3687
13337
29334
23444
22949
256
56
21739
2352
6393
22723
11554
4415
11240
1760
13648
27493
18088
14154
11605
17870
21828
560
30643
14278
5482
25563
16288
8058
3356
10384
17753
3331
22953
20408
17592
24224
27356
10814
10761
29251
32371
14393
2330
4176
28626
2507
2705
29601
12281
10056
17282
4813
31156
17563
11073
3754
5649
17382
9077
27152
17687
19305
18030
28384
7861
29349
28601
25669
32761
19137
13041
31290
22659
17964
13527
3661
27704
17284
6821
11682
23867
16311
928
30778
4633
29544
16621
18805
19523
24468
16293
18902
706
3445
22828
19975
21798
1446
32190
10013
10943
17033
27978
18460
21008
8678
29316
25790
13441
6612
21558
28016
29268
13533
28886
3230
31450
6493
14430
2352
29927
8235
30808
12885
2947
15995
11832
14463
29410
18179
21487
6063
14743
18013
23229
30450
14852
32429
18503
8491
16405
18051
10729
31508
14126
20227
21069
6784
29793
5443
5437
25315
28901
756
30133
19219
2243
581
31293
12368
4563
2308
7029
23171
24295
24326
242
5571
838
9162
72
1309
27228
22361
4712
4757
6063
27248
13101
8296
8981
6625
24369
24468
17701
6455
9189
28570
2027
20633
30177
11139
28640
12785
16760
18465
12568
26957
27024
10135
17598
27781
10416
1564
29374
11806
2139
25595
9153
30574
25245
20702
3934
11777
8675
31821
6798
2108
13072
12146
31329
30016
24012
5151
28400
15377
30495
27922
10899
5624
8768
9079
14676
18469
5031
19886
31907
153
2665
4943
3915
31299
29637
4715
9636
11369
27898
10773
15882
2378
5980
20001
13711
4098
29351
18476
5357
13741
12691
2525
10687
27087
15529
29801
16368
14836
22356
14685
3955
22675
6971
14488
12852
2872
15822
32662
13903
17378
21535
19957
8321
27050
2292
17201
29403
5286
31002
6579
3006
16653
10748
4874
28931
15772
20084
31096
23418
22840
19936
23216
5782
5076
16761
24542
2150
22165
23520
26344
30151
30516
28410
16627
22233
2725
1022
14890
20399
19190
14796
20154
8523
5241
23937
12577
9929
15909
29000
1449
13018
20794
5491
30511
24948
25636
1994
2345
12744
7330
11554
19176
31861
7463
22834
20506
6651
24961
18595
4754
19826
20152
358
8524
18300
31289
3402
16555
21880
27699
17102
24582
4344
24898
4147
2147
9077
20299
31958
10370
29250
12711
21693
25118
18111
24707
12912
15471
18127
30598
23306
24563
20876
4021
8335
16238
5177
20628
16000
21040
27511
7310
25773
17302
25788
23703
25675
15315
29698
12048
13126
9712
12732
32235
14809
5906
13582
16399
7771
15100
24125
27134
860
27092
9573
20917
27632
19242
16746
2516
14923
10806
15152
30718
31886
24417
16655
10883
31713
29448
20097
12604
16834
23932
31774
32183
1948
2125
3019
3732
17564
29896
1326
27183
19904
11198
30309
11392
15409
23175
11511
11327
3538
16711
31498
31563
13337
22128
23767
17996
1310
17288
4700
22423
17137
7981
336
16723
11569
2134
29532
29402
20698
1755
1160
15714
2655
21816
22004
3037
28153
30606
22728
21022
2622
17386
17773
30524
14581
16330
4862
16187
29225
30429
761
30697
21884
12043
5435
27911
23998
7605
30763
26537
29374
574
18741
15584
19808
18890
14714
12181
25072
8261
27333
10680
17590
4776
6337
4251
15563
9847
25194
14488
31019
2702
18370
15354
7178
17694
12229
14619
4204
755
2718
15305
24048
27640
25627
21998
28396
8444
31327
11120
31935
18102
11479
30039
5731
16903
22383
16430
30018
2432
28165
27051
5195
12324
27677
8594
15684
3439
27863
29142
98
9879
32543
4609
18967
15633
2596
2519
2859
9815
22027
26422
9998
20713
3300
2881
7277
6801
18397
21182
7171
23532
31925
7611
434
19750
24436
31352
25554
10245
3162
30593
11465
11049
3605
24859
29403
25234
5175
28129
580
22882
28134
7855
19844
6372
7381
21951
14331
6350
5236
26898
28341
1219
31076
13330
17287
31516
29998
27765
15963
10472
29236
15972
22728
26417
21480
29661
6118
15746
32571
11094
30816
28069
18265
24995
24778
27825
4755
21273
3637
27973
19356
30708
12033
24334
29433
8182
8179
1935
25779
29009
32647
6177
9807
20167
2952
25912
20735
26896
31965
8937
27674
32636
21926
19113
19402
5081
21896
3672
18437
5527
2116
31870
24510
18474
8847
14804
7260
26800
8478
29702
18795
22228
24064
29111
21649
17650
4144
25541
27076
13180
26987
23503
8123
15260
17983
3061
18594
27930
9317
13279
15122
17281
21328
24321
10048
30333
4870
22557
19573
10632
5423
30217
8894
16069
5227
9650
19684
20780
30185
21857
26270
6632
10550
9533
774
17661
14930
274
28490
31022
18953
1872
3492
5918
24704
24919
23692
29621
19983
28913
32300
4549
3662
30496
21524
7918
24947
6171
815
14271
4059
24723
29685
14109
3046
12346
8931
5353
26120
11654
21800
6109
18205
9906
1442
24247
25853
1031
7688
1178
9553
12121
20585
25777
25253
5332
9429
16661
1982
8441
3930
20721
29997
24547
8754
31204
25892
8655
12346
14502
16777
18651
29606
31983
8265
9230
3315
31892
23023
31641
28190
16883
28277
12892
1556
31122
11353
8364
16489
17155
19956
3156
11596
2315
264
25049
26043
9475
3224
4867
32755
20861
2300
16024
10283
12331
24116
1387
12673
26365
31869
12437
13109
6282
802
3331
1557
15281
18837
8241
13880
5760
32446
6708
15599
24660
21139
10494
5881
20290
24041
4318
2806
5302
15497
11846
13342
3418
3463
17617
9523
10298
19919
16260
14260
18725
16641
18005
23380
10838
23679
19689
31147
340
26820
32418
16938
27414
19703
11225
29268
25451
14527
7272
28203
19353
8282
27500
15593
17476
16105
20553
15857
24210
4878
30958
10757
26765
2489
22874
13497
22729
19263
5214
25128
7494
24237
24997
25829
20887
5979
5363
6197
8260
196
10922
27259
21358
15508
32146
19443
22705
1795
2521
30115
15439
21858
24921
7311
24458
17139
13594
25901
28241
16382
6168
11032
22559
14113
24390
28936
20513
7400
17106
3330
6295
7582
9387
25804
7548
23906
8257
20132
8809
32381
18316
27185
1975
25074
12623
1466
27364
22103
15518
25494
9783
10468
11678
29668
29607
19658
1932
22140
14074
3269
18432
14629
13098
31477
26483
26120
12044
4842
17151
5732
19763
16894
21351
23940
6931
18919
21847
16366
7010
12684
18157
19166
20420
14360
24183
16370
1446
32333
24191
10535
27242
23068
27397
26884
10949
2162
17419
6933
8550
12628
2391
22683
22745
29230
27508
13698
25770
25192
28154
2451
21965
17979
7951
23019
20029
25539
26670
30380
30692
11861
23591
8434
25275
15378
9831
19721
3634
14780
32634
21725
8658
20681
19150
11953
6433
13238
16826
31764
26310
17566
20414
1297
21229
2571
1037
29607
6381
26124
15432
25465
2088
17288
27789
6597
11315
11729
10416
31130
16440
1660
21192
2118
29080
19825
4846
5646
13780
12094
31809
24355
14253
19889
814
14545
8074
30373
10478
7928
15131
15644
79
13760
18492
10382
28600
5001
26396
28289
21607
26401
30622
27226
27390
20026
26111
18291
8510
28699
10938
4461
13586
12437
424
7880
17615
3897
7276
2480
13498
1736
21518
11034
3531
235
7654
19472
14768
12836
18364
329
16405
29189
16173
25853
26915
25504
26704
8951
26950
574
18330
2796
31284
26196
767
7435
1323
22194
32346
17621
17017
31230
5903
13871
29250
15457
17135
8374
4734
15744
5724
11602
13889
23214
30125
31246
25151
10591
30164
2087
4751
30176
12349
20578
19887
6726
3578
29091
26825
16805
19998
11708
24884
27522
19302
10371
28478
17290
17695
7463
13865
8580
12099
32196
13683
17796
19942
12596
24411
9313
8144
25385
30880
22634
23660
6776
9612
2645
2273
2488
18481
26232
26750
19980
5107
29244
19547
4157
31302
21966
1597
15372
21689
28183
699
16838
28724
15087
20127
5656
23933
32141
2959
25637
11009
6978
6125
9686
27602
6248
28155
5745
12268
16277
32323
13166
20924
18708
2358
16262
15587
5781
15379
31756
4663
22307
5386
3200
19722
10071
21154
14434
19888
459
29272
32580
27963
5074
648
13091
32393
19046
19345
3319
24705
11106
5173
28553
1433
20210
1342
19589
5275
3399
28775
24528
1706
13455
32377
13595
26240
23332
2229
11193
5369
8707
8562
27821
14037
31617
4103
1800
12217
19001
17387
9842
20088
27721
795
6150
3729
1726
22460
4451
4857
9548
258
28159
15898
579
27472
22207
2843
2750
29601
1989
3170
29469
31270
10378
13143
28598
2096
27180
17771
26056
3409
24585
8794
10416
30654
18060
16300
5984
11256
11335
32130
11788
8108
12610
14479
24614
7127
20627
15717
20109
27181
26671
242
11778
29116
29440
16970
29147
1741
10552
31143
3835
29195
31460
14509
27393
29415
6340
24563
19392
16698
32602
19904
23280
21036
14401
27154
4642
25686
17856
13285
8954
5923
27807
13233
12184
4476
20537
30517
26455
31652
5331
31347
23482
20576
31788
8700
8611
18780
12373
10861
4806
27338
12483
12602
17246
29260
5539
15018
30
11540
7533
22819
26731
31049
14524
22952
30920
30381
2141
6560
6546
10878
422
27097
1517
6810
11529
8908
7934
9190
13033
20003
32603
4079
10923
2424
25279
11730
24593
1632
13827
29274
707
19368
25417
25449
29743
7134
11899
21145
10131
9491
13812
11042
18520
24032
27516
22271
6818
13223
6522
32588
18981
28187
18533
11251
6970
27651
6268
1671
12850
7483
25527
17520
25834
24059
15357
31817
19103
5979
6551
27270
32260
18711
19941
26970
17810
24720
3663
8152
5664
276
11135
11352
9139
8543
18637
19996
29847
8802
10235
21043
10927
17219
23843
18334
30473
5796
32493
16050
27573
23848
9989
6077
8152
26931
22221
9452
23036
28658
5199
9068
13482
27548
21365
20432
28987
29431
32636
6579
27883
10781
14502
15006
27695
12416
6703
13356
12361
12332
7299
31083
2841
29260
26542
18310
25910
7408
10772
29089
27197
32269
18274
9221
20329
1989
29636
25213
26724
25065
3929
17919
32349
13501
21988
15759
7515
4347
14020
22113
19409
6426
26918
20286
24690
20431
4217
31528
27206
12245
1314
14145
24318
28906
5489
30697
901
7706
21204
12583
17111
24895
16203
7754
26390
10185
28444
11472
26843
1211
29384
3718
18634
29686
7485
14065
10089
25274
31309
18413
3890
8554
2399
12692
9446
8847
4197
2401
12837
11040
6926
23701
15932
22529
31292
474
10558
7369
22456
11815
32086
8136
12837
20707
27227
5961
21810
31565
8101
3092
8724
22299
30751
9527
15412
28769
11422
24838
28196
22197
113
24417
23256
22929
7226
8501
20243
25593
2812
24901
18207
15197
3444
27179
31937
9664
14253
3481
4460
15130
3279
8421
10421
26107
3383
8901
1799
22386
27341
28247
2200
29229
22418
8036
1179
28897
8825
3045
28856
19437
5752
30406
22713
8762
20446
24555
32390
10597
31719
5489
13907
26912
13966
27190
21272
17877
31394
13723
14145
7821
22556
136
23975
529
25776
945
28352
16206
6818
23320
13842
21758
6619
4819
3054
1157
32572
28944
1882
3097
17970
8534
3151
19494
26763
9486
2597
23537
12424
11585
32331
20859
28979
16803
3899
16552
6386
22737
21421
13728
21085
17879
6667
11894
10061
7925
17446
22536
23093
419
2855
4646
27062
22482
16328
32502
29293
629
23236
8598
25360
3392
29067
20484
14009
20399
