1
2
3
4
5
6
7
8
9
10
11
12
13
14
15
16
17
18
19
20
21
22
23
24
25
26
27
28
29
30
31
32
33
34
35
36
37
38
39
40
41
42
43
44
45
46
47
48
49
50
51
52
53
54
55
56
57
58
59
60
61
62
63
64
65
66
67
68
69
70
71
72
73
74
75
76
77
78
79
80
81
82
83
84
85
86
87
88
89
90
91
92
93
94
95
96
97
98
99
100
101
102
103
104
105
106
107
108
109
110
111
112
113
114
115
116
117
118
119
120
121
122
123
124
125
126
127
128
129
130
131
132
133
134
135
136
137
138
139
140
141
142
143
144
145
146
147
148
149
150
151
152
153
154
155
156
157
158
159
160
161
162
163
164
165
166
167
168
169
170
171
172
173
174
175
176
177
178
179
180
181
182
183
184
185
186
187
188
189
190
191
192
193
194
195
196
197
198
199
200
201
202
203
204
205
206
207
208
209
210
211
212
213
214
215
216
217
218
219
220
221
222
223
224
225
226
227
228
229
230
231
232
233
234
235
236
237
238
239
240
241
242
243
244
245
246
247
248
249
250
251
252
253
254
255
256
257
258
259
260
261
262
263
264
265
266
267
268
269
270
271
272
273
274
275
276
277
278
279
280
281
282
283
284
285
286
287
288
289
290
291
292
293
294
295
296
297
298
299
300
301
302
303
304
305
306
307
308
309
310
311
312
313
314
315
316
317
318
319
320
321
322
323
324
325
326
327
328
329
330
331
332
333
334
335
336
337
338
339
340
341
342
343
344
345
346
347
348
349
350
351
352
353
354
355
356
357
358
359
360
361
362
363
364
365
366
367
368
369
370
371
372
373
374
375
376
377
378
379
380
381
382
383
384
385
386
387
388
389
390
391
392
393
394
395
396
397
398
399
400
401
402
403
404
405
406
407
408
409
410
411
412
413
414
415
416
417
418
419
420
421
422
423
424
425
426
427
428
429
430
431
432
433
434
435
436
437
438
439
440
441
442
443
444
445
446
447
448
449
450
451
452
453
454
455
456
457
458
459
460
461
462
463
464
465
466
467
468
469
470
471
472
473
474
475
476
477
478
479
480
481
482
483
484
485
486
487
488
489
490
491
492
493
494
495
496
497
498
499
500
501
502
503
504
505
506
507
508
509
510
511
512
513
514
515
516
517
518
519
520
521
522
523
524
525
526
527
528
529
530
531
532
533
534
535
536
537
538
539
540
541
542
543
544
545
546
547
548
549
550
551
552
553
554
555
556
557
558
559
560
561
562
563
564
565
566
567
568
569
570
571
572
573
574
575
576
577
578
579
580
581
582
583
584
585
586
587
588
589
590
591
592
593
594
595
596
597
598
599
600
601
602
603
604
605
606
607
608
609
610
611
612
613
614
615
616
617
618
619
620
621
622
623
624
625
626
627
628
629
630
631
632
633
634
635
636
637
638
639
640
641
642
643
644
645
646
647
648
649
650
651
652
653
654
655
656
657
658
659
660
661
662
663
664
665
666
667
668
669
670
671
672
673
674
675
676
677
678
679
680
681
682
683
684
685
686
687
688
689
690
691
692
693
694
695
696
697
698
699
700
701
702
703
704
705
706
707
708
709
710
711
712
713
714
715
716
717
718
719
720
721
722
723
724
725
726
727
728
729
730
731
732
733
734
735
736
737
738
739
740
741
742
743
744
745
746
747
748
749
750
751
752
753
754
755
756
757
758
759
760
761
762
763
764
765
766
767
768
769
770
771
772
773
774
775
776
777
778
779
780
781
782
783
784
785
786
787
788
789
790
791
792
793
794
795
796
797
798
799
800
801
802
803
804
805
806
807
808
809
810
811
812
813
814
815
816
817
818
819
820
821
822
823
824
825
826
827
828
829
830
831
832
833
834
835
836
837
838
839
840
841
842
843
844
845
846
847
848
849
850
851
852
853
854
855
856
857
858
859
860
861
862
863
864
865
866
867
868
869
870
871
872
873
874
875
876
877
878
879
880
881
882
883
884
885
886
887
888
889
890
891
892
893
894
895
896
897
898
899
900
901
902
903
904
905
906
907
908
909
910
911
912
913
914
915
916
917
918
919
920
921
922
923
924
925
926
927
928
929
930
931
932
933
934
935
936
937
938
939
940
941
942
943
944
945
946
947
948
949
950
951
952
953
954
955
956
957
958
959
960
961
962
963
964
965
966
967
968
969
970
971
972
973
974
975
976
977
978
979
980
981
982
983
984
985
986
987
988
989
990
991
992
993
994
995
996
997
998
999
1000
1001
1002
1003
1004
1005
1006
1007
1008
1009
1010
1011
1012
1013
1014
1015
1016
1017
1018
1019
1020
1021
1022
1023
1024
1025
1026
1027
1028
1029
1030
1031
1032
1033
1034
1035
1036
1037
1038
1039
1040
1041
1042
1043
1044
1045
1046
1047
1048
1049
1050
1051
1052
1053
1054
1055
1056
1057
1058
1059
1060
1061
1062
1063
1064
1065
1066
1067
1068
1069
1070
1071
1072
1073
1074
1075
1076
1077
1078
1079
1080
1081
1082
1083
1084
1085
1086
1087
1088
1089
1090
1091
1092
1093
1094
1095
1096
1097
1098
1099
1100
1101
1102
1103
1104
1105
1106
1107
1108
1109
1110
1111
1112
1113
1114
1115
1116
1117
1118
1119
1120
1121
1122
1123
1124
1125
1126
1127
1128
1129
1130
1131
1132
1133
1134
1135
1136
1137
1138
1139
1140
1141
1142
1143
1144
1145
1146
1147
1148
1149
1150
1151
1152
1153
1154
1155
1156
1157
1158
1159
1160
1161
1162
1163
1164
1165
1166
1167
1168
1169
1170
1171
1172
1173
1174
1175
1176
1177
1178
1179
1180
1181
1182
1183
1184
1185
1186
1187
1188
1189
1190
1191
1192
1193
1194
1195
1196
1197
1198
1199
1200
1201
1202
1203
1204
1205
1206
1207
1208
1209
1210
1211
1212
1213
1214
1215
1216
1217
1218
1219
1220
1221
1222
1223
1224
1225
1226
1227
1228
1229
1230
1231
1232
1233
1234
1235
1236
1237
1238
1239
1240
1241
1242
1243
1244
1245
1246
1247
1248
1249
1250
1251
1252
1253
1254
1255
1256
1257
1258
1259
1260
1261
1262
1263
1264
1265
1266
1267
1268
1269
1270
1271
1272
1273
1274
1275
1276
1277
1278
1279
1280
1281
1282
1283
1284
1285
1286
1287
1288
1289
1290
1291
1292
1293
1294
1295
1296
1297
1298
1299
1300
1301
1302
1303
1304
1305
1306
1307
1308
1309
1310
1311
1312
1313
1314
1315
1316
1317
1318
1319
1320
1321
1322
1323
1324
1325
1326
1327
1328
1329
1330
1331
1332
1333
1334
1335
1336
1337
1338
1339
1340
1341
1342
1343
1344
1345
1346
1347
1348
1349
1350
1351
1352
1353
1354
1355
1356
1357
1358
1359
1360
1361
1362
1363
1364
1365
1366
1367
1368
1369
1370
1371
1372
1373
1374
1375
1376
1377
1378
1379
1380
1381
1382
1383
1384
1385
1386
1387
1388
1389
1390
1391
1392
1393
1394
1395
1396
1397
1398
1399
1400
1401
1402
1403
1404
1405
1406
1407
1408
1409
1410
1411
1412
1413
1414
1415
1416
1417
1418
1419
1420
1421
1422
1423
1424
1425
1426
1427
1428
1429
1430
1431
1432
1433
1434
1435
1436
1437
1438
1439
1440
1441
1442
1443
1444
1445
1446
1447
1448
1449
1450
1451
1452
1453
1454
1455
1456
1457
1458
1459
1460
1461
1462
1463
1464
1465
1466
1467
1468
1469
1470
1471
1472
1473
1474
1475
1476
1477
1478
1479
1480
1481
1482
1483
1484
1485
1486
1487
1488
1489
1490
1491
1492
1493
1494
1495
1496
1497
1498
1499
1500
1501
1502
1503
1504
1505
1506
1507
1508
1509
1510
1511
1512
1513
1514
1515
1516
1517
1518
1519
1520
1521
1522
1523
1524
1525
1526
1527
1528
1529
1530
1531
1532
1533
1534
1535
1536
1537
1538
1539
1540
1541
1542
1543
1544
1545
1546
1547
1548
1549
1550
1551
1552
1553
1554
1555
1556
1557
1558
1559
1560
1561
1562
1563
1564
1565
1566
1567
1568
1569
1570
1571
1572
1573
1574
1575
1576
1577
1578
1579
1580
1581
1582
1583
1584
1585
1586
1587
1588
1589
1590
1591
1592
1593
1594
1595
1596
1597
1598
1599
1600
1601
1602
1603
1604
1605
1606
1607
1608
1609
1610
1611
1612
1613
1614
1615
1616
1617
1618
1619
1620
1621
1622
1623
1624
1625
1626
1627
1628
1629
1630
1631
1632
1633
1634
1635
1636
1637
1638
1639
1640
1641
1642
1643
1644
1645
1646
1647
1648
1649
1650
1651
1652
1653
1654
1655
1656
1657
1658
1659
1660
1661
1662
1663
1664
1665
1666
1667
1668
1669
1670
1671
1672
1673
1674
1675
1676
1677
1678
1679
1680
1681
1682
1683
1684
1685
1686
1687
1688
1689
1690
1691
1692
1693
1694
1695
1696
1697
1698
1699
1700
1701
1702
1703
1704
1705
1706
1707
1708
1709
1710
1711
1712
1713
1714
1715
1716
1717
1718
1719
1720
1721
1722
1723
1724
1725
1726
1727
1728
1729
1730
1731
1732
1733
1734
1735
1736
1737
1738
1739
1740
1741
1742
1743
1744
1745
1746
1747
1748
1749
1750
1751
1752
1753
1754
1755
1756
1757
1758
1759
1760
1761
1762
1763
1764
1765
1766
1767
1768
1769
1770
1771
1772
1773
1774
1775
1776
1777
1778
1779
1780
1781
1782
1783
1784
1785
1786
1787
1788
1789
1790
1791
1792
1793
1794
1795
1796
1797
1798
1799
1800
1801
1802
1803
1804
1805
1806
1807
1808
1809
1810
1811
1812
1813
1814
1815
1816
1817
1818
1819
1820
1821
1822
1823
1824
1825
1826
1827
1828
1829
1830
1831
1832
1833
1834
1835
1836
1837
1838
1839
1840
1841
1842
1843
1844
1845
1846
1847
1848
1849
1850
1851
1852
1853
1854
1855
1856
1857
1858
1859
1860
1861
1862
1863
1864
1865
1866
1867
1868
1869
1870
1871
1872
1873
1874
1875
1876
1877
1878
1879
1880
1881
1882
1883
1884
1885
1886
1887
1888
1889
1890
1891
1892
1893
1894
1895
1896
1897
1898
1899
1900
1901
1902
1903
1904
1905
1906
1907
1908
1909
1910
1911
1912
1913
1914
1915
1916
1917
1918
1919
1920
1921
1922
1923
1924
1925
1926
1927
1928
1929
1930
1931
1932
1933
1934
1935
1936
1937
1938
1939
1940
1941
1942
1943
1944
1945
1946
1947
1948
1949
1950
1951
1952
1953
1954
1955
1956
1957
1958
1959
1960
1961
1962
1963
1964
1965
1966
1967
1968
1969
1970
1971
1972
1973
1974
1975
1976
1977
1978
1979
1980
1981
1982
1983
1984
1985
1986
1987
1988
1989
1990
1991
1992
1993
1994
1995
1996
1997
1998
1999
2000
2001
2002
2003
2004
2005
2006
2007
2008
2009
2010
2011
2012
2013
2014
2015
2016
2017
2018
2019
2020
2021
2022
2023
2024
2025
2026
2027
2028
2029
2030
2031
2032
2033
2034
2035
2036
2037
2038
2039
2040
2041
2042
2043
2044
2045
2046
2047
2048
2049
2050
2051
2052
2053
2054
2055
2056
2057
2058
2059
2060
2061
2062
2063
2064
2065
2066
2067
2068
2069
2070
2071
2072
2073
2074
2075
2076
2077
2078
2079
2080
2081
2082
2083
2084
2085
2086
2087
2088
2089
2090
2091
2092
2093
2094
2095
2096
2097
2098
2099
2100
2101
2102
2103
2104
2105
2106
2107
2108
2109
2110
2111
2112
2113
2114
2115
2116
2117
2118
2119
2120
2121
2122
2123
2124
2125
2126
2127
2128
2129
2130
2131
2132
2133
2134
2135
2136
2137
2138
2139
2140
2141
2142
2143
2144
2145
2146
2147
2148
2149
2150
2151
2152
2153
2154
2155
2156
2157
2158
2159
2160
2161
2162
2163
2164
2165
2166
2167
2168
2169
2170
2171
2172
2173
2174
2175
2176
2177
2178
2179
2180
2181
2182
2183
2184
2185
2186
2187
2188
2189
2190
2191
2192
2193
2194
2195
2196
2197
2198
2199
2200
2201
2202
2203
2204
2205
2206
2207
2208
2209
2210
2211
2212
2213
2214
2215
2216
2217
2218
2219
2220
2221
2222
2223
2224
2225
2226
2227
2228
2229
2230
2231
2232
2233
2234
2235
2236
2237
2238
2239
2240
2241
2242
2243
2244
2245
2246
2247
2248
2249
2250
2251
2252
2253
2254
2255
2256
2257
2258
2259
2260
2261
2262
2263
2264
2265
2266
2267
2268
2269
2270
2271
2272
2273
2274
2275
2276
2277
2278
2279
2280
2281
2282
2283
2284
2285
2286
2287
2288
2289
2290
2291
2292
2293
2294
2295
2296
2297
2298
2299
2300
2301
2302
2303
2304
2305
2306
2307
2308
2309
2310
2311
2312
2313
2314
2315
2316
2317
2318
2319
2320
2321
2322
2323
2324
2325
2326
2327
2328
2329
2330
2331
2332
2333
2334
2335
2336
2337
2338
2339
2340
2341
2342
2343
2344
2345
2346
2347
2348
2349
2350
2351
2352
2353
2354
2355
2356
2357
2358
2359
2360
2361
2362
2363
2364
2365
2366
2367
2368
2369
2370
2371
2372
2373
2374
2375
2376
2377
2378
2379
2380
2381
2382
2383
2384
2385
2386
2387
2388
2389
2390
2391
2392
2393
2394
2395
2396
2397
2398
2399
2400
2401
2402
2403
2404
2405
2406
2407
2408
2409
2410
2411
2412
2413
2414
2415
2416
2417
2418
2419
2420
2421
2422
2423
2424
2425
2426
2427
2428
2429
2430
2431
2432
2433
2434
2435
2436
2437
2438
2439
2440
2441
2442
2443
2444
2445
2446
2447
2448
2449
2450
2451
2452
2453
2454
2455
2456
2457
2458
2459
2460
2461
2462
2463
2464
2465
2466
2467
2468
2469
2470
2471
2472
2473
2474
2475
2476
2477
2478
2479
2480
2481
2482
2483
2484
2485
2486
2487
2488
2489
2490
2491
2492
2493
2494
2495
2496
2497
2498
2499
2500
2501
2502
2503
2504
2505
2506
2507
2508
2509
2510
2511
2512
2513
2514
2515
2516
2517
2518
2519
2520
2521
2522
2523
2524
2525
2526
2527
2528
2529
2530
2531
2532
2533
2534
2535
2536
2537
2538
2539
2540
2541
2542
2543
2544
2545
2546
2547
2548
2549
2550
2551
2552
2553
2554
2555
2556
2557
2558
2559
2560
2561
2562
2563
2564
2565
2566
2567
2568
2569
2570
2571
2572
2573
2574
2575
2576
2577
2578
2579
2580
2581
2582
2583
2584
2585
2586
2587
2588
2589
2590
2591
2592
2593
2594
2595
2596
2597
2598
2599
2600
2601
2602
2603
2604
2605
2606
2607
2608
2609
2610
2611
2612
2613
2614
2615
2616
2617
2618
2619
2620
2621
2622
2623
2624
2625
2626
2627
2628
2629
2630
2631
2632
2633
2634
2635
2636
2637
2638
2639
2640
2641
2642
2643
2644
2645
2646
2647
2648
2649
2650
2651
2652
2653
2654
2655
2656
2657
2658
2659
2660
2661
2662
2663
2664
2665
2666
2667
2668
2669
2670
2671
2672
2673
2674
2675
2676
2677
2678
2679
2680
2681
2682
2683
2684
2685
2686
2687
2688
2689
2690
2691
2692
2693
2694
2695
2696
2697
2698
2699
2700
2701
2702
2703
2704
2705
2706
2707
2708
2709
2710
2711
2712
2713
2714
2715
2716
2717
2718
2719
2720
2721
2722
2723
2724
2725
2726
2727
2728
2729
2730
2731
2732
2733
2734
2735
2736
2737
2738
2739
2740
2741
2742
2743
2744
2745
2746
2747
2748
2749
2750
2751
2752
2753
2754
2755
2756
2757
2758
2759
2760
2761
2762
2763
2764
2765
2766
2767
2768
2769
2770
2771
2772
2773
2774
2775
2776
2777
2778
2779
2780
2781
2782
2783
2784
2785
2786
2787
2788
2789
2790
2791
2792
2793
2794
2795
2796
2797
2798
2799
2800
2801
2802
2803
2804
2805
2806
2807
2808
2809
2810
2811
2812
2813
2814
2815
2816
2817
2818
2819
2820
2821
2822
2823
2824
2825
2826
2827
2828
2829
2830
2831
2832
2833
2834
2835
2836
2837
2838
2839
2840
2841
2842
2843
2844
2845
2846
2847
2848
2849
2850
2851
2852
2853
2854
2855
2856
2857
2858
2859
2860
2861
2862
2863
2864
2865
2866
2867
2868
2869
2870
2871
2872
2873
2874
2875
2876
2877
2878
2879
2880
2881
2882
2883
2884
2885
2886
2887
2888
2889
2890
2891
2892
2893
2894
2895
2896
2897
2898
2899
2900
2901
2902
2903
2904
2905
2906
2907
2908
2909
2910
2911
2912
2913
2914
2915
2916
2917
2918
2919
2920
2921
2922
2923
2924
2925
2926
2927
2928
2929
2930
2931
2932
2933
2934
2935
2936
2937
2938
2939
2940
2941
2942
2943
2944
2945
2946
2947
2948
2949
2950
2951
2952
2953
2954
2955
2956
2957
2958
2959
2960
2961
2962
2963
2964
2965
2966
2967
2968
2969
2970
2971
2972
2973
2974
2975
2976
2977
2978
2979
2980
2981
2982
2983
2984
2985
2986
2987
2988
2989
2990
2991
2992
2993
2994
2995
2996
2997
2998
2999
3000
3001
3002
3003
3004
3005
3006
3007
3008
3009
3010
3011
3012
3013
3014
3015
3016
3017
3018
3019
3020
3021
3022
3023
3024
3025
3026
3027
3028
3029
3030
3031
3032
3033
3034
3035
3036
3037
3038
3039
3040
3041
3042
3043
3044
3045
3046
3047
3048
3049
3050
3051
3052
3053
3054
3055
3056
3057
3058
3059
3060
3061
3062
3063
3064
3065
3066
3067
3068
3069
3070
3071
3072
3073
3074
3075
3076
3077
3078
3079
3080
3081
3082
3083
3084
3085
3086
3087
3088
3089
3090
3091
3092
3093
3094
3095
3096
3097
3098
3099
3100
3101
3102
3103
3104
3105
3106
3107
3108
3109
3110
3111
3112
3113
3114
3115
3116
3117
3118
3119
3120
3121
3122
3123
3124
3125
3126
3127
3128
3129
3130
3131
3132
3133
3134
3135
3136
3137
3138
3139
3140
3141
3142
3143
3144
3145
3146
3147
3148
3149
3150
3151
3152
3153
3154
3155
3156
3157
3158
3159
3160
3161
3162
3163
3164
3165
3166
3167
3168
3169
3170
3171
3172
3173
3174
3175
3176
3177
3178
3179
3180
3181
3182
3183
3184
3185
3186
3187
3188
3189
3190
3191
3192
3193
3194
3195
3196
3197
3198
3199
3200
3201
3202
3203
3204
3205
3206
3207
3208
3209
3210
3211
3212
3213
3214
3215
3216
3217
3218
3219
3220
3221
3222
3223
3224
3225
3226
3227
3228
3229
3230
3231
3232
3233
3234
3235
3236
3237
3238
3239
3240
3241
3242
3243
3244
3245
3246
3247
3248
3249
3250
3251
3252
3253
3254
3255
3256
3257
3258
3259
3260
3261
3262
3263
3264
3265
3266
3267
3268
3269
3270
3271
3272
3273
3274
3275
3276
3277
3278
3279
3280
3281
3282
3283
3284
3285
3286
3287
3288
3289
3290
3291
3292
3293
3294
3295
3296
3297
3298
3299
3300
3301
3302
3303
3304
3305
3306
3307
3308
3309
3310
3311
3312
3313
3314
3315
3316
3317
3318
3319
3320
3321
3322
3323
3324
3325
3326
3327
3328
3329
3330
3331
3332
3333
3334
3335
3336
3337
3338
3339
3340
3341
3342
3343
3344
3345
3346
3347
3348
3349
3350
3351
3352
3353
3354
3355
3356
3357
3358
3359
3360
3361
3362
3363
3364
3365
3366
3367
3368
3369
3370
3371
3372
3373
3374
3375
3376
3377
3378
3379
3380
3381
3382
3383
3384
3385
3386
3387
3388
3389
3390
3391
3392
3393
3394
3395
3396
3397
3398
3399
3400
3401
3402
3403
3404
3405
3406
3407
3408
3409
3410
3411
3412
3413
3414
3415
3416
3417
3418
3419
3420
3421
3422
3423
3424
3425
3426
3427
3428
3429
3430
3431
3432
3433
3434
3435
3436
3437
3438
3439
3440
3441
3442
3443
3444
3445
3446
3447
3448
3449
3450
3451
3452
3453
3454
3455
3456
3457
3458
3459
3460
3461
3462
3463
3464
3465
3466
3467
3468
3469
3470
3471
3472
3473
3474
3475
3476
3477
3478
3479
3480
3481
3482
3483
3484
3485
3486
3487
3488
3489
3490
3491
3492
3493
3494
3495
3496
3497
3498
3499
3500
3501
3502
3503
3504
3505
3506
3507
3508
3509
3510
3511
3512
3513
3514
3515
3516
3517
3518
3519
3520
3521
3522
3523
3524
3525
3526
3527
3528
3529
3530
3531
3532
3533
3534
3535
3536
3537
3538
3539
3540
3541
3542
3543
3544
3545
3546
3547
3548
3549
3550
3551
3552
3553
3554
3555
3556
3557
3558
3559
3560
3561
3562
3563
3564
3565
3566
3567
3568
3569
3570
3571
3572
3573
3574
3575
3576
3577
3578
3579
3580
3581
3582
3583
3584
3585
3586
3587
3588
3589
3590
3591
3592
3593
3594
3595
3596
3597
3598
3599
3600
3601
3602
3603
3604
3605
3606
3607
3608
3609
3610
3611
3612
3613
3614
3615
3616
3617
3618
3619
3620
3621
3622
3623
3624
3625
3626
3627
3628
3629
3630
3631
3632
3633
3634
3635
3636
3637
3638
3639
3640
3641
3642
3643
3644
3645
3646
3647
3648
3649
3650
3651
3652
3653
3654
3655
3656
3657
3658
3659
3660
3661
3662
3663
3664
3665
3666
3667
3668
3669
3670
3671
3672
3673
3674
3675
3676
3677
3678
3679
3680
3681
3682
3683
3684
3685
3686
3687
3688
3689
3690
3691
3692
3693
3694
3695
3696
3697
3698
3699
3700
3701
3702
3703
3704
3705
3706
3707
3708
3709
3710
3711
3712
3713
3714
3715
3716
3717
3718
3719
3720
3721
3722
3723
3724
3725
3726
3727
3728
3729
3730
3731
3732
3733
3734
3735
3736
3737
3738
3739
3740
3741
3742
3743
3744
3745
3746
3747
3748
3749
3750
3751
3752
3753
3754
3755
3756
3757
3758
3759
3760
3761
3762
3763
3764
3765
3766
3767
3768
3769
3770
3771
3772
3773
3774
3775
3776
3777
3778
3779
3780
3781
3782
3783
3784
3785
3786
3787
3788
3789
3790
3791
3792
3793
3794
3795
3796
3797
3798
3799
3800
3801
3802
3803
3804
3805
3806
3807
3808
3809
3810
3811
3812
3813
3814
3815
3816
3817
3818
3819
3820
3821
3822
3823
3824
3825
3826
3827
3828
3829
3830
3831
3832
3833
3834
3835
3836
3837
3838
3839
3840
3841
3842
3843
3844
3845
3846
3847
3848
3849
3850
3851
3852
3853
3854
3855
3856
3857
3858
3859
3860
3861
3862
3863
3864
3865
3866
3867
3868
3869
3870
3871
3872
3873
3874
3875
3876
3877
3878
3879
3880
3881
3882
3883
3884
3885
3886
3887
3888
3889
3890
3891
3892
3893
3894
3895
3896
3897
3898
3899
3900
3901
3902
3903
3904
3905
3906
3907
3908
3909
3910
3911
3912
3913
3914
3915
3916
3917
3918
3919
3920
3921
3922
3923
3924
3925
3926
3927
3928
3929
3930
3931
3932
3933
3934
3935
3936
3937
3938
3939
3940
3941
3942
3943
3944
3945
3946
3947
3948
3949
3950
3951
3952
3953
3954
3955
3956
3957
3958
3959
3960
3961
3962
3963
3964
3965
3966
3967
3968
3969
3970
3971
3972
3973
3974
3975
3976
3977
3978
3979
3980
3981
3982
3983
3984
3985
3986
3987
3988
3989
3990
3991
3992
3993
3994
3995
3996
3997
3998
3999
4000
4001
4002
4003
4004
4005
4006
4007
4008
4009
4010
4011
4012
4013
4014
4015
4016
4017
4018
4019
4020
4021
4022
4023
4024
4025
4026
4027
4028
4029
4030
4031
4032
4033
4034
4035
4036
4037
4038
4039
4040
4041
4042
4043
4044
4045
4046
4047
4048
4049
4050
4051
4052
4053
4054
4055
4056
4057
4058
4059
4060
4061
4062
4063
4064
4065
4066
4067
4068
4069
4070
4071
4072
4073
4074
4075
4076
4077
4078
4079
4080
4081
4082
4083
4084
4085
4086
4087
4088
4089
4090
4091
4092
4093
4094
4095
4096
4097
4098
4099
4100
4101
4102
4103
4104
4105
4106
4107
4108
4109
4110
4111
4112
4113
4114
4115
4116
4117
4118
4119
4120
4121
4122
4123
4124
4125
4126
4127
4128
4129
4130
4131
4132
4133
4134
4135
4136
4137
4138
4139
4140
4141
4142
4143
4144
4145
4146
4147
4148
4149
4150
4151
4152
4153
4154
4155
4156
4157
4158
4159
4160
4161
4162
4163
4164
4165
4166
4167
4168
4169
4170
4171
4172
4173
4174
4175
4176
4177
4178
4179
4180
4181
4182
4183
4184
4185
4186
4187
4188
4189
4190
4191
4192
4193
4194
4195
4196
4197
4198
4199
4200
4201
4202
4203
4204
4205
4206
4207
4208
4209
4210
4211
4212
4213
4214
4215
4216
4217
4218
4219
4220
4221
4222
4223
4224
4225
4226
4227
4228
4229
4230
4231
4232
4233
4234
4235
4236
4237
4238
4239
4240
4241
4242
4243
4244
4245
4246
4247
4248
4249
4250
4251
4252
4253
4254
4255
4256
4257
4258
4259
4260
4261
4262
4263
4264
4265
4266
4267
4268
4269
4270
4271
4272
4273
4274
4275
4276
4277
4278
4279
4280
4281
4282
4283
4284
4285
4286
4287
4288
4289
4290
4291
4292
4293
4294
4295
4296
4297
4298
4299
4300
4301
4302
4303
4304
4305
4306
4307
4308
4309
4310
4311
4312
4313
4314
4315
4316
4317
4318
4319
4320
4321
4322
4323
4324
4325
4326
4327
4328
4329
4330
4331
4332
4333
4334
4335
4336
4337
4338
4339
4340
4341
4342
4343
4344
4345
4346
4347
4348
4349
4350
4351
4352
4353
4354
4355
4356
4357
4358
4359
4360
4361
4362
4363
4364
4365
4366
4367
4368
4369
4370
4371
4372
4373
4374
4375
4376
4377
4378
4379
4380
4381
4382
4383
4384
4385
4386
4387
4388
4389
4390
4391
4392
4393
4394
4395
4396
4397
4398
4399
4400
4401
4402
4403
4404
4405
4406
4407
4408
4409
4410
4411
4412
4413
4414
4415
4416
4417
4418
4419
4420
4421
4422
4423
4424
4425
4426
4427
4428
4429
4430
4431
4432
4433
4434
4435
4436
4437
4438
4439
4440
4441
4442
4443
4444
4445
4446
4447
4448
4449
4450
4451
4452
4453
4454
4455
4456
4457
4458
4459
4460
4461
4462
4463
4464
4465
4466
4467
4468
4469
4470
4471
4472
4473
4474
4475
4476
4477
4478
4479
4480
4481
4482
4483
4484
4485
4486
4487
4488
4489
4490
4491
4492
4493
4494
4495
4496
4497
4498
4499
4500
4501
4502
4503
4504
4505
4506
4507
4508
4509
4510
4511
4512
4513
4514
4515
4516
4517
4518
4519
4520
4521
4522
4523
4524
4525
4526
4527
4528
4529
4530
4531
4532
4533
4534
4535
4536
4537
4538
4539
4540
4541
4542
4543
4544
4545
4546
4547
4548
4549
4550
4551
4552
4553
4554
4555
4556
4557
4558
4559
4560
4561
4562
4563
4564
4565
4566
4567
4568
4569
4570
4571
4572
4573
4574
4575
4576
4577
4578
4579
4580
4581
4582
4583
4584
4585
4586
4587
4588
4589
4590
4591
4592
4593
4594
4595
4596
4597
4598
4599
4600
4601
4602
4603
4604
4605
4606
4607
4608
4609
4610
4611
4612
4613
4614
4615
4616
4617
4618
4619
4620
4621
4622
4623
4624
4625
4626
4627
4628
4629
4630
4631
4632
4633
4634
4635
4636
4637
4638
4639
4640
4641
4642
4643
4644
4645
4646
4647
4648
4649
4650
4651
4652
4653
4654
4655
4656
4657
4658
4659
4660
4661
4662
4663
4664
4665
4666
4667
4668
4669
4670
4671
4672
4673
4674
4675
4676
4677
4678
4679
4680
4681
4682
4683
4684
4685
4686
4687
4688
4689
4690
4691
4692
4693
4694
4695
4696
4697
4698
4699
4700
4701
4702
4703
4704
4705
4706
4707
4708
4709
4710
4711
4712
4713
4714
4715
4716
4717
4718
4719
4720
4721
4722
4723
4724
4725
4726
4727
4728
4729
4730
4731
4732
4733
4734
4735
4736
4737
4738
4739
4740
4741
4742
4743
4744
4745
4746
4747
4748
4749
4750
4751
4752
4753
4754
4755
4756
4757
4758
4759
4760
4761
4762
4763
4764
4765
4766
4767
4768
4769
4770
4771
4772
4773
4774
4775
4776
4777
4778
4779
4780
4781
4782
4783
4784
4785
4786
4787
4788
4789
4790
4791
4792
4793
4794
4795
4796
4797
4798
4799
4800
4801
4802
4803
4804
4805
4806
4807
4808
4809
4810
4811
4812
4813
4814
4815
4816
4817
4818
4819
4820
4821
4822
4823
4824
4825
4826
4827
4828
4829
4830
4831
4832
4833
4834
4835
4836
4837
4838
4839
4840
4841
4842
4843
4844
4845
4846
4847
4848
4849
4850
4851
4852
4853
4854
4855
4856
4857
4858
4859
4860
4861
4862
4863
4864
4865
4866
4867
4868
4869
4870
4871
4872
4873
4874
4875
4876
4877
4878
4879
4880
4881
4882
4883
4884
4885
4886
4887
4888
4889
4890
4891
4892
4893
4894
4895
4896
4897
4898
4899
4900
4901
4902
4903
4904
4905
4906
4907
4908
4909
4910
4911
4912
4913
4914
4915
4916
4917
4918
4919
4920
4921
4922
4923
4924
4925
4926
4927
4928
4929
4930
4931
4932
4933
4934
4935
4936
4937
4938
4939
4940
4941
4942
4943
4944
4945
4946
4947
4948
4949
4950
4951
4952
4953
4954
4955
4956
4957
4958
4959
4960
4961
4962
4963
4964
4965
4966
4967
4968
4969
4970
4971
4972
4973
4974
4975
4976
4977
4978
4979
4980
4981
4982
4983
4984
4985
4986
4987
4988
4989
4990
4991
4992
4993
4994
4995
4996
4997
4998
4999
5000
26807
15479
3995
11763
17104
20221
15065
13325
2123
10615
5104
13179
7459
6081
4058
932
6204
15873
18361
2154
32759
13028
14865
16026
13572
3883
11317
26502
32631
5735
16383
6128
29214
23808
4548
11818
6162
3964
29319
29564
8333
16126
4717
27846
31995
22285
12145
7782
9556
8343
7257
18268
30376
30262
13289
22444
24572
3505
3158
9732
20820
31430
32510
10399
8465
20263
22613
13673
23421
31682
17443
3428
12453
22341
18925
14154
29799
28130
28080
28020
25803
32336
18646
8954
10903
18450
12130
25628
18461
3835
13678
5601
27224
30706
10455
22781
20535
8947
21303
5112
15417
9814
6163
26765
9274
20308
17238
6225
5005
19399
7166
7317
29514
8497
3862
30092
11497
5376
1764
29873
23312
27152
16995
1635
31914
6002
16628
16082
24121
23660
5712
11807
11629
21952
15041
16319
27381
30769
11154
10529
11925
5188
28611
11152
29049
18244
21762
11610
21193
32136
30935
28210
2685
27129
29215
23251
32371
5838
11963
17382
11710
29594
22921
31782
26178
1161
23699
8642
30846
5862
21383
5890
23976
7905
616
28206
1023
8848
9346
19628
13661
22067
10147
2408
19467
19900
10120
2681
10714
26511
15766
9729
9583
21638
30923
2644
25055
24888
4595
29021
17532
25723
12319
9022
31982
30503
20819
3127
21381
22813
11135
27081
12749
10120
6576
21275
6499
18531
27016
8348
32008
12092
7404
30442
12276
24375
29692
30963
24428
20053
21320
25946
19095
3574
23104
8988
11406
23709
15853
371
3250
1268
15327
12026
26946
11792
14695
11282
28717
245
25350
15493
14884
18269
24612
7274
15348
26549
28421
31817
25107
25193
31994
2175
2680
13409
3796
32739
20656
17100
3486
7593
24623
13340
19340
23175
16612
23121
21806
18711
21008
4731
25321
4477
26455
15738
32424
20553
15384
13833
12751
23711
12538
26619
20337
14741
1991
27843
11970
14044
4478
20794
27087
1187
675
26781
29804
16056
25050
20693
8046
13040
17588
3068
23579
26314
20169
21276
21471
8271
9991
1594
10305
30268
22345
23955
28436
11107
18987
16421
16114
22863
23325
25457
24550
11815
11447
6272
29801
16852
14669
27172
11920
18022
20930
28800
25987
6068
32417
32202
7985
28227
30569
2128
25154
14698
9257
30137
25677
25779
23885
11150
26700
3203
23992
2297
24909
26110
6931
11724
11626
24101
30820
12996
31994
13377
1762
14096
14857
4997
18696
26381
1030
28655
11240
24660
5052
10863
10946
5878
7044
16459
20693
8198
30648
2498
3445
1368
17258
19440
3678
1673
9558
8689
5192
27455
26902
329
30139
19122
14485
23939
17445
27756
2502
12057
18218
9805
5270
24980
16955
23505
25887
27892
14442
662
24094
7762
8828
20504
16295
21444
19264
29887
1559
12161
17952
2077
13643
1606
13302
2672
25615
3320
18977
8047
7129
2442
20439
26179
24760
2849
1468
4819
30087
28022
11188
11332
12390
11132
6390
5312
29547
17732
6755
15991
7572
15645
2837
12772
2048
28671
23354
18770
25439
19754
31011
17822
2472
12554
20632
8254
6154
26462
21615
16002
25892
6297
18013
27162
10104
9864
12555
13017
24605
15414
18540
7609
23989
5389
9295
17694
27551
16189
2352
20063
366
23906
13140
22658
1689
11105
22549
18503
32371
19090
20858
5481
12382
6437
10250
32032
8252
6334
28386
15850
27431
10339
9734
16523
23650
5528
5877
21074
20111
18632
24448
21663
11554
4327
7899
1442
10773
21078
30965
18021
31710
7431
25605
525
14238
28129
29797
6749
7067
8038
6820
32123
24048
19859
2007
18679
21379
12551
11311
7689
824
13672
977
2842
31076
20227
9697
11910
28549
21426
18912
30369
7216
23299
14137
8952
16202
27030
21270
27353
15995
27591
16504
27925
26080
17293
18055
19716
8448
28066
28967
8394
16386
485
8139
5337
7453
4860
30350
26807
13903
12605
25984
10498
3922
5327
14909
19121
28620
13068
28613
2972
20934
17194
12423
15423
5215
30235
16063
22202
18113
26033
14082
1821
8021
32518
24855
2275
29491
27675
777
32188
16861
16575
27258
8592
10540
28339
8250
32704
21898
17675
31257
3503
16994
32471
32505
20097
24277
9475
20775
25634
27311
18300
4843
12682
8089
20884
31069
29248
31376
32168
379
27421
14741
11264
31609
6227
24998
8438
24664
31918
24814
28251
9658
30233
8505
3094
1013
15203
7850
25614
25190
26435
22192
21835
24072
13466
9014
29272
7748
20473
22042
32491
27659
25187
10465
28871
16163
14676
21673
30690
13758
12289
26206
20931
10833
15842
9009
27695
23459
20078
4422
6916
23333
17958
30893
25957
13697
22740
28820
11799
2421
5397
19643
15147
226
18709
32552
24798
24608
9370
16923
21437
8085
15428
7748
26125
17286
21011
8500
13417
26156
1833
22546
1453
10251
23249
25231
25107
31359
6849
12827
9628
30872
10396
18778
4530
16935
14523
4049
8715
3353
28205
3558
10448
24836
30716
9479
30207
12544
5042
6185
3598
18360
6428
30836
13265
14785
29518
19004
18845
21034
10983
30260
19886
11604
26007
23262
30150
30211
32478
4678
11799
30902
7702
16368
32611
308
28083
31503
8290
13928
22474
10487
13924
26734
27600
23509
2359
1262
20901
2462
11851
9641
28112
12101
28436
27985
6925
13361
28336
9886
7429
8686
21194
22942
12380
1059
29630
19277
23536
1220
22525
7013
26464
6280
32436
29815
6860
20382
15784
571
11228
7836
13924
8741
31748
13240
9879
568
3078
11322
6072
8735
18616
15921
12779
27258
5383
10853
13864
20086
13628
2702
25498
11168
32638
20419
19525
23547
30104
1333
23788
11855
11261
11037
7218
14533
8713
15859
25855
14769
28554
15841
8229
31407
27519
19063
16708
27121
12320
9888
2795
24023
8222
14549
24063
14016
20779
23440
6241
21281
32701
4612
18123
2516
28687
29963
11771
7858
24681
27744
28436
25955
28834
2062
19265
1653
8931
3624
19099
6828
22957
4283
19021
4249
30494
8193
13813
4206
368
27863
28750
21009
28866
28529
12045
6511
2587
26189
19976
19731
27564
16741
23965
23287
11861
19881
28754
24474
16491
13484
27577
17234
23993
9374
24727
16868
18628
13434
11844
4178
10580
22656
30037
5364
13359
31462
7545
26058
40
3275
29345
273
11352
9068
7524
29716
15276
30106
31393
25669
18848
19820
5734
11916
31817
16945
19984
4319
22425
20136
23988
4627
21983
6004
23742
7154
27021
30154
28120
31629
19518
6765
9742
15316
16119
23772
28463
3683
8109
2761
26998
13983
30728
19406
4201
11010
26983
27996
9986
24755
6692
10996
12045
30042
2073
18073
28625
11058
25699
1413
20466
27488
23653
25883
1686
17027
29712
7197
26567
2956
21858
15391
20505
15568
14637
1851
29580
2907
19738
19975
5043
22663
15085
27076
24854
7630
13579
9944
3030
19165
11321
13183
18319
18921
4774
26301
18050
7750
20524
29591
28660
20790
19411
23682
21969
8447
11927
15132
11669
9792
17259
12314
20588
25476
6269
3969
1688
29464
17852
7450
8724
18202
31896
27935
11383
12243
17672
15675
11290
7239
3026
22962
17533
18697
26119
25307
13799
20820
11724
1751
77
22104
23648
893
11637
12498
17755
1172
1628
24799
5940
12869
14292
12306
17670
975
10865
14788
15764
10877
4518
19883
5002
10454
30252
24751
31494
27155
16291
32760
16470
28118
380
31308
7172
23576
3862
13208
2063
5475
6951
22220
31356
4930
26206
23020
10509
11511
16711
2148
14929
5227
25966
1949
2013
8043
27079
2509
21976
12560
22093
8979
9149
22399
6890
29891
31324
29139
28055
8959
23330
29272
21444
18567
13467
4346
23290
23761
53
509
17599
16477
27975
1262
10682
25411
15697
24537
22551
14862
13702
6844
28973
29900
18823
3900
2654
11366
25458
8343
21823
31278
27931
12250
4857
11703
32409
8276
22256
5353
22021
74
23714
2644
31870
10732
29905
15813
15472
28808
19940
27415
19734
11774
7051
29516
22334
17524
24994
3037
14157
26698
26200
30797
8322
18000
3984
516
1407
23095
12167
8795
27141
2374
1207
4852
511
21838
28924
14412
16834
15328
11254
6803
17299
5565
29870
24763
9833
2702
1660
463
18933
27862
21800
8326
3040
4644
21583
17688
27220
31629
19976
26960
12221
25177
3272
2786
3025
31997
23683
14336
15822
4170
10004
18984
13314
8419
12255
17216
17553
22772
12981
228
25459
30241
27128
14847
31164
21437
16383
31384
16928
25917
12219
4591
20150
13548
6299
9929
7164
15072
2478
26120
21788
8236
18440
32638
11629
16983
5222
25859
29501
2829
29717
32709
16334
28693
271
20448
26782
12163
1384
10799
5611
7215
26088
2145
8823
3685
8186
8015
10377
19678
24260
12172
24628
495
27544
17470
13019
4353
32139
21549
10229
24641
11363
31002
3854
27289
2743
12626
2830
11742
11089
24451
25278
18763
5591
31949
14984
24622
28331
12572
7039
5345
22031
17846
27551
12284
17037
9744
15189
18377
23190
25318
3138
31736
4457
27530
30012
6548
2870
29053
18325
15158
3203
10812
6560
14713
30928
25436
23154
32685
9334
7385
21222
6352
32213
7596
14308
2234
20910
13979
12770
17815
11982
10069
32170
26010
11501
22974
2654
21744
6869
26504
14522
10227
22471
7683
8090
23969
23578
29750
31164
9804
13605
10030
8390
658
30815
28822
14731
20112
29125
2952
30090
3411
4476
31651
3511
2191
23736
19038
23167
6292
26076
11931
11526
10365
4067
21120
19891
19115
8446
11138
17390
29042
26750
6338
19240
8209
31733
15261
6428
10216
20376
15998
22869
17893
11752
32247
497
13376
21138
18449
26020
1128
11411
9696
9984
21821
2975
25434
28915
14719
15556
18793
6289
25222
23115
15934
3091
25396
21215
16361
13088
7977
27633
27942
9292
14901
17242
4218
21471
7187
5186
24959
8151
23636
17217
28796
23856
10905
30149
28729
19042
1797
14516
21010
2860
24306
31314
26697
4496
25059
23396
673
6175
8890
7062
14632
4470
22828
9498
22868
12553
22385
31634
10577
28959
2112
4656
30106
14878
2298
19739
7367
3849
13350
12821
3493
25415
12317
3164
27532
32166
22022
1997
19693
3231
1285
1871
18475
20444
13744
14959
17068
31479
25027
13896
13871
13701
5140
5542
24672
23635
13513
25707
4265
26607
26056
23089
2124
7274
879
10288
8367
26205
7558
24162
11254
2346
31857
11238
17367
644
1706
32419
31402
18226
6767
17965
8896
15631
12216
24044
8182
5718
22124
25211
30602
29212
25812
30286
4653
26142
27216
14744
25689
21949
14921
31083
28900
14919
9062
23073
22998
16504
9987
252
29560
24385
17631
265
3501
19399
12052
3914
26501
28335
31309
16915
272
16025
7731
24501
16240
9194
23080
90
5938
18895
21048
1840
12511
127
30796
14026
15309
5312
5537
25795
25403
16556
2169
4260
6557
6581
2577
25095
11829
8167
4306
20989
24803
21101
8907
942
26686
27991
11359
4159
7651
13466
12091
18937
17678
28760
23948
15015
8039
32354
30062
24895
17438
7420
28839
29381
27961
21216
23701
8813
12077
6277
28261
13568
20140
9888
10118
25472
10431
3564
7773
20751
24852
31782
16187
6157
19097
21084
6540
12929
15946
28776
3409
16826
21574
22968
27856
31030
13097
5968
26249
12482
27030
31505
19309
25059
1555
10299
1355
5237
24858
1329
20875
32402
19820
31356
5150
23477
8873
8979
22197
16159
22046
20953
18481
25978
5598
4200
20571
18877
6676
31501
3030
335
8343
7699
17490
9071
18111
14405
14593
16339
13688
1710
19279
10383
21396
32163
25550
4921
29286
4868
9071
21835
10380
32190
13560
16328
20236
3732
21170
24099
21667
1568
21602
7260
23385
3092
22907
6252
21593
11206
25490
8931
3584
31212
29970
13008
26676
18339
2097
20705
8951
1719
29219
15819
31547
17182
1677
22508
2552
21957
3900
1071
6525
13456
27671
7729
25860
924
28498
13218
30344
19399
18917
3821
5851
31346
7229
21787
1011
3717
32561
15092
24964
5812
6455
5480
6101
25857
5080
18734
5324
7042
1377
23979
9034
30309
8924
14101
19647
30513
20030
15320
30965
21838
21730
26937
16432
22472
29238
6969
9081
31824
27317
3004
7991
3972
21269
19690
19455
6768
22465
17110
429
18772
6281
24669
12468
12199
27800
11090
26034
3421
8871
19416
11080
31078
4465
11022
15912
5495
3175
25842
18287
12044
4260
4479
4406
29102
15907
10521
26979
3697
28976
2091
9925
31938
4124
22031
1121
14431
24885
21294
18182
8359
31989
21096
24872
23828
12410
25014
2283
27398
25654
26125
29821
14530
23272
11910
12457
29114
23755
17085
17833
24591
8973
28790
7740
1876
6018
23687
25849
23701
15514
6898
19427
16279
20881
4689
29245
6498
1765
11895
23712
17405
22285
9812
13130
8057
22376
22809
15033
30768
5492
1693
14969
8783
21568
26367
17978
28306
15908
25998
7461
23631
24239
741
4976
11446
30945
8794
14896
15191
3482
18074
14703
16357
9811
397
4223
23865
14348
7040
12429
8601
12933
13698
9593
23611
4017
27406
16614
27653
30568
14059
31629
27543
19292
8017
214
24203
12110
27981
6313
17403
24962
29542
25473
12868
30576
10113
7363
24586
21180
5122
22351
15997
25192
25652
26708
2266
1097
4075
29800
27956
6839
27240
21208
12916
10889
6268
15164
32671
5441
12785
29007
10327
17283
4645
25342
8869
21452
7160
27839
2549
8544
29928
14372
21346
14212
31611
26800
5940
1262
31966
2793
5031
25466
28107
31150
19695
18462
10927
11723
28280
12064
781
11211
20850
6278
5149
1038
19597
10447
14010
6427
12545
16864
1147
8246
6354
10305
14367
4150
27218
2185
27950
29329
13543
28951
733
19129
19214
5123
9778
1963
15776
25940
18282
13252
7253
26996
32408
22231
8070
18401
9102
15998
7991
30244
7424
8365
31572
3847
10983
19597
22843
10755
12324
23943
23163
18168
16230
9374
12507
8737
28493
15363
13215
1094
14800
30947
23046
25395
27356
12164
16151
26218
25149
32144
4765
9237
11458
3761
7025
10814
14492
3933
12023
10306
10504
16884
16875
19587
3374
27144
30302
10846
32328
507
19195
15453
26886
28368
20367
22189
1585
9787
713
7634
18064
31482
15678
21913
13832
872
19887
7246
6662
20048
10895
26160
20258
23039
23744
19746
10748
413
1950
2211
24426
21693
12862
8704
14294
3378
13815
14536
4577
5924
30242
27521
30796
24420
17695
14489
20249
23549
6809
27552
23533
780
32522
27316
11705
9169
20609
30780
10137
22021
17571
15577
13053
29550
19439
11673
23814
20402
14919
8814
25395
8809
22700
12511
29500
22389
17482
7934
8766
14742
16052
666
24345
11065
21360
24757
25622
24977
30390
24888
27598
21993
373
27366
11591
24889
11927
15247
25439
13815
32134
20614
25454
11311
7663
13141
1831
5078
18630
32430
28095
348
10890
12197
22610
18560
17098
5917
9602
6504
23784
32640
12385
29681
1565
23220
5777
25924
9405
3146
10665
17322
5308
9208
4059
23713
28018
7241
22484
18735
21659
29075
996
23670
674
9514
20575
24713
23583
211
14659
5502
17566
11899
794
9924
3746
30761
19234
2743
11497
17458
25260
114
2290
8620
31170
8164
8893
31012
23820
12327
24018
13716
19189
14348
8068
31119
9225
31995
8823
13503
31393
25594
9056
11665
17859
26891
19212
21295
15172
8379
31140
27567
5423
30712
22319
29321
18027
9763
19800
15183
25239
1382
20081
11416
15673
17736
3513
10046
1048
11134
3290
28105
22758
22276
8886
8234
11810
14701
24419
8109
27453
14968
29044
28457
7164
14819
28795
25465
12061
25476
12492
14384
2109
2453
1155
23689
26873
31056
3528
3229
30036
32188
1617
2777
22360
1222
8233
3502
17921
6803
25520
13706
29526
12053
12004
7944
9689
23004
14814
25956
289
4143
17567
10545
16838
348
21005
28494
28797
3404
5177
27670
20612
2394
28131
3799
3393
18277
11584
24965
27430
4900
25595
4272
32727
6586
121
12212
13711
28555
3169
3376
7616
10317
13404
11193
22265
13666
32025
13007
2573
32357
18837
27663
17010
26627
5785
8363
9703
15628
3972
27416
20313
11721
24650
20742
20744
22929
26813
14741
8678
5783
13579
5062
31295
27654
24456
16687
25503
29264
16302
6388
32753
3522
2658
5874
19428
14173
18297
2877
24723
18401
16507
24013
30820
31018
19623
14964
15152
4543
7735
14611
5541
28329
29925
22030
8169
24449
22957
20221
22400
2253
18389
14245
12400
16525
26411
23334
16803
6416
15246
15733
4236
3596
28079
20749
16398
2030
4377
13538
9881
10607
2927
3735
3990
7016
245
21744
11269
19175
27218
7818
30308
19842
14229
18634
3539
24555
9333
2835
19575
12997
8669
19004
7452
31158
30888
16449
21534
28862
2473
19512
3977
19399
20206
32391
25215
17533
581
13653
20442
14943
3328
23870
22547
6422
9462
10827
7779
30982
15050
23841
26919
11812
7536
26744
393
14599
30444
2767
13917
20033
1629
12382
1609
26607
15163
12621
13609
5519
5597
16419
20657
32274
28990
7297
26708
18482
6656
24080
31845
23814
22193
27576
26749
14548
17742
29459
19740
15910
12805
29729
15507
16160
19263
13629
12065
12560
22238
13135
604
15943
19651
25156
2002
10792
31380
20923
26353
15230
5308
2561
22052
8467
22707
13632
28479
1150
9343
26867
8989
16188
10107
9117
4231
26114
4183
21179
16984
7762
23648
29943
6367
29261
11265
11422
25221
5832
16522
22100
26544
22433
1841
30727
28135
7763
21847
7201
30262
18121
14860
27906
15060
13936
2260
9389
12291
27024
427
9409
3128
27356
14920
19116
7036
26952
11423
21531
25106
24602
3753
26548
21082
1348
22375
5640
6645
29169
5413
26307
18986
14686
30972
17958
24456
25067
15258
26296
27853
29810
16198
27448
27911
5591
4894
27861
249
24288
15267
12706
7104
26183
25720
10052
25271
12558
24423
30189
17559
32019
5285
16271
3043
6628
18519
24393
28803
17364
22868
15654
27822
13647
23853
2566
22798
25194
15723
30684
5151
4798
14871
16922
14553
19831
30080
6762
10382
19368
27960
19871
27669
25826
1120
13547
12328
10756
805
18258
24843
8788
12171
24414
10606
24271
25450
2325
22677
22462
17333
27688
29622
18570
32002
9837
30371
32209
10567
10895
1960
18873
17122
30469
8887
4741
18653
14656
32706
12134
30831
12585
14441
1939
16326
26826
28885
10139
19971
5195
2020
16634
25735
11809
4742
18411
19821
9090
9831
9086
6999
9500
14286
9194
5742
28678
3781
13092
31396
8951
6010
29617
27453
29622
4581
16824
16269
22737
25771
19035
3331
31634
5954
11591
4710
1583
14166
23690
26719
8769
11628
11942
6968
15223
17606
22243
4579
23180
27270
14313
26174
11382
26646
17549
4757
2529
7366
25324
6248
4827
31415
1462
1135
13009
19193
28621
29660
8378
31984
22031
32480
12178
1276
21359
11376
778
3672
25419
21321
31870
1091
22010
3122
29735
13918
29604
6529
4754
7254
16726
26592
24144
31938
7253
3153
20976
31567
8115
25456
3626
21018
2081
13816
31837
14941
2564
1673
30012
18510
19915
27817
16323
15940
1663
8456
31857
6940
22171
7944
20657
26587
30495
32636
26265
2196
21728
28848
5334
5261
6178
28587
17127
31133
19048
9904
23946
28376
3723
5387
28532
31343
7946
25610
12869
3793
1697
3401
11195
790
18205
13874
11046
27294
25198
25797
15132
4085
31230
29077
23405
5882
30785
23315
5977
2625
30862
24079
19457
22453
24877
30588
13084
130
25521
13172
1515
50
22407
28028
19567
12053
8912
26120
11481
9191
9580
20802
20290
22701
23127
17159
10652
5856
9017
7218
18409
28365
29240
23838
25771
15932
17937
358
26011
2640
11367
18671
4253
12462
15963
4649
3316
13281
19292
10641
1202
9982
9792
12923
31347
31875
18580
3342
10059
15493
16433
23952
29949
26123
6928
6372
26734
32693
17760
14928
4185
7073
3541
1668
19523
21134
17474
32728
32690
31298
9834
28630
1434
6954
3860
10744
30744
26945
7005
27570
8290
17458
14930
32179
8959
705
23230
31337
15411
3431
11073
24003
8382
3132
8354
16954
22214
11291
13926
28434
6929
16128
7586
7133
9847
15284
19981
3394
26519
24749
11609
28412
1226
32303
16580
3877
14933
11192
7402
24245
26851
27803
2013
23366
26674
2027
375
17946
29196
6042
9711
19550
14713
4834
7851
1200
563
22500
5461
26080
19546
30864
23857
6899
26729
20164
18094
22638
1897
7096
20795
5841
7012
13977
12123
22113
7197
3700
20732
20522
1022
854
26629
14405
6482
23218
6958
30039
22452
21250
23316
29018
3527
6833
3469
26528
808
11833
824
21524
15009
24969
27481
26564
9376
6313
14820
9884
21991
29600
13272
4724
5764
29078
5582
1870
23812
20278
2258
11480
2532
9302
22897
8505
30536
1242
9491
16649
12527
10453
29068
12449
26727
24562
25325
2710
31101
21523
928
22400
4856
24375
21172
13056
22407
30881
3189
16897
2807
32055
24896
24125
8105
22312
3733
6915
14404
18641
3694
1848
29095
24290
20687
20637
2338
19900
13215
11343
13029
15902
11446
10388
13496
19713
23095
19412
6381
17088
27936
9446
3475
17788
8735
12430
17389
2751
15528
14403
25635
19551
14404
3637
26934
1190
9260
19086
31033
13743
23830
28152
3519
16403
6479
3424
144
3270
31498
27386
20640
3643
7416
8326
13121
23759
19736
16081
17815
29284
27089
1662
29260
18764
5438
7686
24454
25194
13001
26878
30998
30355
25339
25753
27379
22330
29074
11629
8166
16973
27092
4730
6278
11610
17700
22888
11879
19446
26579
6160
6031
21855
24632
18238
15913
19808
7171
29365
16510
21621
1998
10868
11552
17200
19701
6456
20328
5339
8616
25666
8227
25951
24382
14426
11913
1637
21196
10260
5487
28602
31735
16210
20669
3832
11782
28682
1825
14947
18236
15434
7173
19217
29284
16761
7615
8782
9901
2271
25608
7742
22968
16744
29360
16836
6128
18084
29840
5027
30490
6419
25279
30947
5932
11168
11273
3703
9571
10859
28828
17948
5520
7883
9733
19076
1459
5268
14171
28340
32714
9365
30138
11435
3563
2149
27891
30532
21649
7008
28802
25437
10036
27884
29889
27705
19228
18433
2139
22307
23670
21480
514
31316
2472
12866
13925
27415
6370
15949
19036
22315
27637
20835
30054
3433
30313
12483
18518
31142
22985
2196
19529
6107
7234
6183
3547
8836
11629
29565
26779
69
11624
32265
9916
13523
10795
694
18701
22802
18201
3372
2859
24187
726
26703
30708
8641
3929
26121
8768
4276
28738
21578
21964
26469
21357
17229
21623
18571
22471
284
29617
13605
13920
28246
11824
10081
450
4144
32228
21693
28546
954
4654
23404
24596
13924
13901
24315
6371
1984
31769
22580
25761
14473
32499
7235
3548
19173
21244
24343
26579
14311
29829
13579
22919
7768
19399
22470
7957
20151
6356
12895
13634
22654
23502
30917
9048
31911
3415
20063
5937
10607
15176
16367
1937
25434
23974
5308
20665
16247
30674
15088
32568
21221
23039
21311
15621
15254
5865
8137
5323
9811
453
23106
32644
30208
18547
13648
28745
28706
32251
3380
21096
4766
10551
2989
11704
30403
11213
17177
25897
25995
5473
1246
17311
286
14088
30472
19201
10136
2815
11572
31116
29452
17565
18604
31086
31433
7302
25555
28304
14812
11554
19652
22195
16086
29517
21302
12222
2255
18256
11683
22614
13738
25104
14761
24240
26011
17030
7088
12707
30695
1903
461
26626
1259
4421
3558
4648
14688
109
11031
18900
30429
25522
21077
29752
23965
10994
593
27212
9091
12823
28319
31592
23643
30793
10776
32274
5987
22371
20605
25365
30218
20387
29533
32467
8183
15269
20024
31963
14413
146
1508
12734
14382
3733
30512
16159
21118
17806
22728
15882
17641
4619
13400
25479
14887
22132
31476
21358
8574
29829
14520
5500
8073
2817
11179
24743
31801
15269
16873
12463
12825
3419
17154
23030
726
16049
10397
3985
13566
7305
27233
3999
24328
12562
16661
27097
25493
24311
9477
5227
757
15574
2984
17155
9709
17651
10369
13351
17847
11566
13635
26827
5451
31538
1336
31267
20445
10480
26595
438
20647
27980
7909
18356
22504
32021
27421
11145
8493
22587
29971
31410
11983
30524
5271
10703
28349
27872
15269
9210
7291
20518
2188
9304
1131
638
17231
19949
3148
9784
19020
30133
9472
22845
12827
21232
2450
2045
7353
2493
28535
27816
3046
17386
3092
3745
13003
19467
4993
22064
2784
24265
5261
2167
12301
9853
22018
16295
18448
5374
6442
13171
31006
4022
26001
26053
13261
8700
16909
1968
21553
10654
32508
10919
24133
12732
30157
4588
22925
28637
25026
14410
4090
5948
13811
24071
13326
30307
5271
13077
12864
4859
19327
29064
12706
14307
31203
31821
1985
10623
17249
22040
9165
29779
13379
1182
13562
2512
15105
13317
4133
8045
23302
11928
6331
1018
31927
31936
12503
24369
32434
16687
29866
3983
27731
9567
17696
6754
32125
27195
26048
25122
17303
28956
12757
5892
10196
20726
11467
5581
7864
19412
29147
10468
13528
14465
18155
24492
22753
13448
22191
28688
1755
12895
22037
22112
14511
14304
6368
10075
16359
24824
22930
18573
27830
31395
14480
731
9784
18968
13953
9052
22522
21568
11767
7786
22717
14701
4177
26873
11895
31049
27104
31784
21403
13069
29000
14102
24986
13811
9769
4855
17578
30189
17151
23911
23750
14487
1607
27901
12278
3690
5860
1060
4560
27699
1984
22054
25663
30916
16054
25226
21891
25322
17072
6816
16249
21407
13580
1370
3101
20608
31301
21853
17229
8833
21967
9560
9680
5343
32066
20117
31126
8278
26299
3534
27457
22165
22143
27201
10469
8687
28642
4870
6668
11603
19816
9889
22782
2174
25641
6356
20799
23663
13946
10935
10072
17435
6601
10506
19930
7523
5065
25801
27553
26179
4816
6657
30550
31308
1405
14563
11319
17492
5533
17686
15387
14444
2639
16210
25264
10770
5479
19755
15880
21160
4113
4906
4180
7205
27319
29986
20207
1035
21540
12481
8862
10905
23529
1638
15638
25153
5119
25650
10174
21340
30127
18274
28599
2077
3503
18396
21274
29891
13198
519
21376
20499
20561
21216
20936
20486
30815
6731
5908
7871
23706
30630
28437
7103
22223
13476
14217
15708
5456
21081
2305
9839
10719
27793
23784
17486
32718
26470
21697
2298
32101
6930
1712
5529
21636
29185
29500
26918
18057
11563
2131
26471
24436
17056
21902
19487
27722
2660
21943
24198
12471
11646
29065
30966
8182
2892
8118
14567
7414
2329
17967
27421
1461
32753
16543
2080
3568
15540
12344
21741
11519
18026
30899
31723
8955
24278
3730
12832
22817
29006
31401
15525
8571
25546
14044
27223
6589
32314
18474
21968
13677
23581
14827
918
13126
7247
24149
12433
479
17186
30789
25795
22408
689
12861
7731
372
23921
1704
10282
11806
22281
32102
29346
14053
10084
25220
32252
11513
9220
23115
12017
11643
21401
30333
7883
16608
24530
12507
15317
18839
22899
28394
19984
17899
680
29431
13351
26922
5016
24153
27813
20487
11582
10486
16230
21565
28276
12809
6987
17269
24401
20002
31794
32106
9909
30318
27942
15691
15906
32056
31442
4705
6094
27568
10812
19441
27382
27883
18352
23652
6772
27180
8697
30629
27028
15458
1496
28875
29476
5873
3502
6904
5834
4021
6524
12672
20635
26692
781
2894
12008
31860
25202
7556
23131
31262
30383
4450
25667
17953
1716
29033
20269
12969
20111
12736
1460
27313
19679
6102
13210
14022
1164
17737
13591
32526
1717
27143
4208
11914
22762
25011
11724
23448
2972
16458
16708
22972
5329
4614
6969
6303
17180
21122
21226
29784
23757
24352
32581
23275
16229
26792
29182
27407
4941
10289
10463
28725
26567
23365
26975
24517
19236
19264
14965
15275
13112
25593
12462
32274
18955
7588
16510
29295
29393
15863
2771
8130
6940
13452
22512
10265
11345
5767
13433
16725
12632
32120
25802
11056
1176
19843
8845
18047
6691
9918
22668
12725
14893
1498
20675
3753
16323
22534
2234
21913
12218
1552
8210
22894
15333
15053
5469
24897
1675
26812
17715
31519
14871
21222
24450
27657
18706
7432
18213
24895
27215
9972
4024
18111
9573
14133
3499
26376
866
14578
11414
14371
14270
4373
32716
31204
21902
20139
16691
2414
25850
14990
12883
3573
27889
2626
5036
25288
17692
14878
9805
25230
17424
21164
27554
30671
7623
7506
6030
5815
1617
3121
26809
1047
27847
22861
23340
3501
25217
8430
26907
6053
648
31559
19969
9055
27982
22870
32755
13171
11421
10507
21293
12531
5070
1196
31730
13808
28731
29048
25235
24895
7671
29067
32205
6012
21692
27905
10071
21840
16676
13918
7868
30448
15900
11822
11879
6374
17046
18920
9980
30228
22399
536
9455
26358
10737
27581
21583
26151
3497
240
9954
15911
955
23751
12407
17499
6532
28281
7544
17749
13281
26563
30655
1622
6814
27274
11690
17
22578
14785
3954
14002
16809
29069
14008
21279
15073
2727
3169
24958
2809
11523
24740
22775
21767
5551
18785
20667
2313
5117
15029
1605
24863
25060
3531
6368
16119
23460
27125
7785
32136
23209
17403
30038
2819
14258
26547
30711
24326
14386
16337
29948
8467
27382
20481
4408
4930
14345
5427
30372
5426
10197
16438
29863
21317
9610
32393
30100
30221
16580
17774
28021
26113
12904
21311
9735
30581
10446
23301
3077
4809
7974
3655
25001
11488
17428
31008
31345
9171
13214
25748
25631
21479
2120
13092
8451
30909
1917
27552
22396
11977
27953
26173
6845
10501
6853
20456
12493
28391
11563
30681
31185
13968
15946
7018
23694
12102
21924
9258
23594
20516
19510
3117
15154
32528
10143
23719
20450
9198
12421
31417
28064
31763
18485
13963
1993
16893
16777
20635
29104
32065
16655
26965
24548
3780
26727
3811
3762
19758
20717
23878
12779
17820
6553
25766
4584
29846
3107
18918
31178
2880
7530
21884
23302
5332
19734
25728
18978
4175
10364
28674
14521
21099
29891
7841
4293
17358
17477
5209
5406
20353
31544
29853
11069
5539
1934
19110
29254
13919
20505
19466
19270
18715
7923
10640
14008
21490
2845
25155
11087
22373
9574
19653
18927
16973
27791
19174
4860
25108
19628
23413
216
8997
11725
32343
11175
13729
21982
7893
23126
27220
8652
30778
9435
23527
23018
10398
3006
14423
9618
26109
10456
16038
25103
2444
23899
17616
24762
25932
8466
23040
20580
6111
22250
22788
22004
21147
19122
32510
6225
17885
15391
23133
17283
10143
6931
9740
18197
2125
22814
25833
21437
27093
29766
20857
23615
19710
7939
30170
7566
10490
10638
32761
29236
318
4187
9733
29941
3473
21476
12067
13999
10339
32169
29795
2949
30561
30325
28146
13116
582
4578
8338
24805
11252
29471
32584
26045
16835
12017
5460
849
5401
20216
3174
10470
21307
6708
25359
8215
3938
18120
26486
27840
13074
30973
19020
25627
18599
13193
24066
16169
21553
7442
22073
11348
11905
16110
7034
9298
5764
8493
1831
1612
27856
26585
7089
16192
19837
21884
3340
164
31798
22243
11616
19020
22159
31778
4610
19341
16537
728
1186
24483
16309
21940
5318
10576
14245
9528
23927
4550
32233
32189
21305
11975
14152
32440
11841
21515
13229
5947
17635
21474
15412
27583
27210
13082
1925
18720
9579
21539
18529
18665
21563
23921
2682
2770
3872
24354
20872
10119
24742
31713
11929
16555
9588
6410
16296
21021
10366
23054
19826
10362
20348
27418
31621
8419
27546
24307
16026
5632
625
9253
3364
7748
9014
21852
32297
32627
7217
26898
19025
31586
9329
1130
25405
23039
19903
30044
5401
21648
21200
6163
26229
17984
5567
11155
10832
17879
25274
22943
30838
3273
19195
30170
13
20338
11257
14380
26730
27296
14048
30311
13353
2642
3135
8491
23164
11711
16385
2055
2755
11418
22943
10464
