1050
15949
6913
12908
13633
7280
30474
22843
13660
20171
5944
25906
5427
18515
29373
16525
26277
8633
5268
2860
18332
18578
7698
25311
6464
10676
22462
224
14187
23267
17506
20641
17501
1965
27234
25544
23730
9618
18253
26488
18321
13160
8626
32467
30501
2046
11573
9917
27985
29696
13537
1762
22687
15130
16320
21498
32122
10336
25513
10060
16286
16878
14938
28528
24524
24523
11463
24154
16834
10772
2225
30868
20074
16982
5241
10699
18002
7227
5431
653
6236
18793
31495
849
4279
15527
10147
6328
29709
18497
823
11538
23294
23470
21360
29476
25038
17521
2262
20009
90
30269
30301
31510
7761
7772
10038
24354
14240
1618
18155
8070
9518
2493
20395
26241
24010
9087
29411
31136
17250
22047
28686
1340
20597
29549
19917
16708
14794
1893
10554
21309
22627
27222
3961
4486
28589
15940
5521
3041
9209
23434
8826
32047
13615
28867
8056
2683
20929
23019
679
29498
5599
29378
26582
5841
2794
26737
11160
29528
15146
20080
15513
414
11715
31399
5935
4717
24293
27860
7985
4367
2116
17708
19468
20240
19912
3653
23315
15686
8837
24115
31767
13839
31213
4850
11320
15578
6468
11780
13050
22249
7509
4954
30108
24917
2148
12152
5285
2130
27747
18645
1983
17332
1385
128
11208
31922
22623
17929
30503
16618
10749
17055
18524
9894
25077
32630
731
18014
11885
19308
28187
28030
31667
9195
2794
28264
5164
9489
21251
12733
31886
17678
5858
27865
24655
24270
28119
8604
8798
20441
27738
19312
26128
11639
5278
23943
9309
21783
13673
30309
8524
23537
11042
27807
21932
8683
14124
6370
8453
3001
24946
310
22478
10313
6211
18820
480
17758
609
3414
23851
14203
14164
1759
30888
22786
20996
10043
31630
1181
4487
1016
27849
3805
31800
15828
3752
801
14601
17608
8918
10170
4890
7494
10891
3404
23434
2752
30467
11639
7565
17257
7728
23735
22718
4415
10156
5001
13751
1097
1521
21200
26847
6685
12236
10102
14212
32422
28175
4438
21290
18980
12679
20826
32546
24692
1325
25312
13406
21906
28832
9315
14211
31580
24275
29527
21824
31897
23811
16212
14559
10553
17901
22647
4377
22494
11581
32006
30511
156
8009
27218
19510
29949
2303
29922
178
22857
23580
27597
31335
17156
17312
19304
3180
8375
31870
801
13697
20212
9879
21163
6306
32404
8681
604
25565
20547
19460
31443
6496
18751
12734
32733
28374
1372
2344
4762
14068
19020
1985
16091
2382
24605
26857
22479
7280
21251
14488
26591
1578
600
13903
22486
22059
8417
25679
4421
16081
2643
5898
8230
16448
4629
6359
6079
2482
12104
13801
16073
1294
10757
17538
18130
16571
11749
32100
4832
11190
26055
14473
20823
22498
1229
25107
27932
13984
24744
15238
6651
928
278
15669
70
20983
18600
11258
19391
28529
6857
14122
8632
4648
8956
13000
17017
1109
8549
16889
23010
16999
24715
1464
17234
16210
14428
9163
17607
17194
17010
14838
1350
6128
9108
4462
17021
30892
3712
9872
2471
30395
25575
22739
30640
18795
5050
22268
17561
15301
9124
7057
7711
11434
32472
3471
5527
21794
29452
6495
9501
18672
32453
22023
4077
25962
21718
2718
8721
8839
14627
10242
4925
31290
6827
2765
4343
23038
3782
6532
13306
21170
4522
4882
25821
31400
12340
8565
29680
13817
32486
1208
26727
22811
556
27169
19130
22965
27619
17323
28235
433
21019
13238
32330
22675
17180
24830
20949
14090
23208
18122
19300
14533
15488
21862
18277
136
6186
30418
24099
639
6640
19388
31980
18642
27948
13484
6771
26233
13251
31615
2675
3154
5872
12566
13461
29809
21827
4943
12948
6071
29161
3892
6559
24998
26925
13171
29439
22131
3647
9999
10233
24413
30260
30804
25846
12606
5199
22544
14305
352
27519
5376
28113
31889
31016
27529
29672
13434
15654
32168
16251
30508
784
1836
370
17660
20665
8739
10482
22673
7677
12178
31034
30011
14778
14441
14027
28550
28
23221
12236
9232
17950
5912
9132
20631
7757
4726
19977
854
23247
8178
6353
5266
28837
10009
14759
24176
8237
14940
16008
9993
1771
29124
19886
28864
32392
24033
7348
9428
27931
9988
25340
19505
27304
11438
19278
19084
24550
14663
10433
20398
582
7699
29407
29456
20784
19299
19716
11689
30864
14600
7431
9732
15505
13069
29980
661
21160
24230
21753
13901
19413
2915
1592
31596
29734
9385
6141
28823
19324
22371
15832
3114
31633
16373
5613
22991
28474
13425
6738
13904
28394
32526
16824
32169
26232
7382
4942
24418
14370
21662
12770
19739
16593
14907
8777
14185
29087
29171
20738
3296
8854
18482
6934
12145
698
29054
24130
21495
18762
1709
21592
12
3140
4438
15843
6689
24615
15493
8202
16334
9468
32179
6583
22118
9367
18933
5112
2511
26139
11123
20901
11664
23228
19228
8771
13356
18377
17048
15400
12463
4585
19070
480
5766
19877
6344
14032
11155
14630
900
26393
24705
832
15308
1727
853
944
13559
3083
70
18594
3089
2349
9423
7543
905
2342
6402
28356
26410
13285
799
12190
27724
32176
2405
9237
25164
26054
9768
13566
18233
2115
548
12534
5328
1859
18705
7843
22955
3914
11384
1085
29365
31460
2244
18509
30945
22920
24732
4021
14108
24002
8816
15601
15488
30354
27730
29852
24266
6159
16904
19254
16654
30543
26975
36
12969
15755
24770
27128
31352
30335
9226
30707
25159
15888
13208
27848
5772
28977
4513
13987
11862
26119
10698
2154
28544
28491
22261
6211
9002
12017
31578
10070
3689
31751
24281
14036
25406
24543
18318
3640
15813
28272
167
30413
431
32250
17266
20592
11250
489
14010
25495
27839
3324
30804
5266
7605
16038
25845
23569
26708
8117
4679
10471
12468
12849
12091
3853
6263
14471
16032
26602
11772
30694
24565
18385
7125
31210
6779
27852
27772
4472
24207
2712
13889
9961
12599
6128
17287
3946
13819
271
2864
29602
2806
25456
3414
2454
11052
14040
26684
9674
19230
1942
14724
26537
25500
9737
8098
1319
24283
28516
28560
31141
7111
5038
29379
7189
15258
32013
16735
24670
28078
15427
3239
18434
11663
7801
28087
17918
10069
20540
3189
6642
13873
12741
12997
26241
12613
16509
8188
1787
31417
14784
12440
26681
1291
23265
11822
26825
17062
25199
