1
2
3
4
5
6
7
8
9
10
11
12
13
14
15
16
17
18
19
20
21
22
23
24
25
26
27
28
29
30
31
32
33
34
35
36
37
38
39
40
41
42
43
44
45
46
47
48
49
50
51
52
53
54
55
56
57
58
59
60
61
62
63
64
65
66
67
68
69
70
71
72
73
74
75
76
77
78
79
80
81
82
83
84
85
86
87
88
89
90
91
92
93
94
95
96
97
98
99
100
101
102
103
104
105
106
107
108
109
110
111
112
113
114
115
116
117
118
119
120
121
122
123
124
125
126
127
128
129
130
131
132
133
134
135
136
137
138
139
140
141
142
143
144
145
146
147
148
149
150
151
152
153
154
155
156
157
158
159
160
161
162
163
164
165
166
167
168
169
170
171
172
173
174
175
176
177
178
179
180
181
182
183
184
185
186
187
188
189
190
191
192
193
194
195
196
197
198
199
200
201
202
203
204
205
206
207
208
209
210
211
212
213
214
215
216
217
218
219
220
221
222
223
224
225
226
227
228
229
230
231
232
233
234
235
236
237
238
239
240
241
242
243
244
245
246
247
248
249
250
251
252
253
254
255
256
257
258
259
260
261
262
263
264
265
266
267
268
269
270
271
272
273
274
275
276
277
278
279
280
281
282
283
284
285
286
287
288
289
290
291
292
293
294
295
296
297
298
299
300
301
302
303
304
305
306
307
308
309
310
311
312
313
314
315
316
317
318
319
320
321
322
323
324
325
326
327
328
329
330
331
332
333
334
335
336
337
338
339
340
341
342
343
344
345
346
347
348
349
350
351
352
353
354
355
356
357
358
359
360
361
362
363
364
365
366
367
368
369
370
371
372
373
374
375
376
377
378
379
380
381
382
383
384
385
386
387
388
389
390
391
392
393
394
395
396
397
398
399
400
401
402
403
404
405
406
407
408
409
410
411
412
413
414
415
416
417
418
419
420
421
422
423
424
425
426
427
428
429
430
431
432
433
434
435
436
437
438
439
440
441
442
443
444
445
446
447
448
449
450
451
452
453
454
455
456
457
458
459
460
461
462
463
464
465
466
467
468
469
470
471
472
473
474
475
476
477
478
479
480
481
482
483
484
485
486
487
488
489
490
491
492
493
494
495
496
497
498
499
500
19700
11160
5425
12487
23063
6754
21372
28202
28766
18039
29629
19501
5443
10557
11341
19
24589
6060
28121
10535
24298
25357
4371
6050
21053
30465
3239
31439
12857
6342
18289
14957
12975
11190
23277
32597
14628
7952
23023
12125
31015
26875
28564
24699
10978
13000
27256
1838
4078
6776
2089
25625
14956
11646
5340
29937
19025
198
13151
27802
5377
2549
24911
30349
27424
7667
2955
18813
28836
14503
18152
19770
15151
29185
295
22485
10909
17470
15908
17925
12248
1895
13647
29385
30196
17947
25440
21071
8568
20367
25671
13333
6649
10963
10594
28750
4590
20311
24563
1159
16575
18093
7121
25482
799
7056
6750
31875
21916
14886
12728
15713
23924
9602
16436
5247
29611
9837
12296
13700
26202
22374
25415
9608
25674
12775
7187
21112
18113
234
13582
14779
11676
23724
15889
25109
8606
5041
20769
11468
12552
9480
13214
16906
14954
12240
6078
7299
22968
31739
4666
30807
11168
82
6215
10554
23323
2489
6600
7122
11587
26549
3010
1632
32612
16939
30480
3235
27477
31851
24408
23290
1545
18796
5693
31944
27745
21849
20182
29212
4676
10317
1375
18578
2034
9820
3887
15220
10645
20690
26346
7973
27930
11455
2296
7104
16958
29363
29750
31484
14572
27590
8939
3411
25030
8155
4093
27235
7426
14630
7269
4244
19319
16620
26848
10235
5623
6538
30695
27774
16096
22969
11234
825
12782
27920
30105
16161
18003
7627
18155
6375
26378
27594
7618
24096
5480
21725
15174
23458
31220
29246
23377
1841
30584
3935
35
27739
29784
7654
9816
24736
20003
10998
29975
17110
11112
14769
16011
18892
8139
9979
25751
9774
22103
31360
30149
31656
13846
18680
5760
30030
13535
2986
2692
31036
19568
4398
29330
16249
17853
27512
4712
20514
20103
32530
13040
11460
3375
6057
29880
10505
9933
9675
9890
13975
27517
2543
29917
10293
7417
4278
1043
12335
877
1136
19684
7676
17542
30690
19348
7967
12492
11847
22528
1867
31539
17556
14807
25546
3820
0
19718
24096
30593
26052
19060
12779
3873
31
2288
14861
26425
29854
19048
22797
8004
20378
26971
16571
7651
10498
31376
23827
24624
1627
14089
26212
21327
7684
16947
24242
27719
24511
8287
32344
29200
26221
29045
21489
11758
14105
17383
7033
30205
28984
5093
4272
17932
21551
19152
16575
23214
15894
21232
7966
655
1980
4969
25013
6661
25067
26731
26690
25831
6125
27562
13050
15010
23374
8462
11379
14473
31972
23467
19137
28269
14093
28403
19424
14702
27960
42
4434
16656
1191
3099
24328
19090
14963
29962
390
22139
6864
11497
8003
15477
32146
20431
14670
14686
11248
17061
7991
9117
5000
10787
23085
14770
10916
19963
21348
16145
27068
15443
14778
23345
32316
16761
27289
28384
6790
2002
25119
21465
1851
29716
30332
15000
22967
4533
25244
6765
29658
9124
25607
26576
12558
11574
28677
1268
25733
1891
17413
8351
3267
22066
21823
30520
24669
29298
25497
10786
6144
7083
13255
8520
6580
1620
13495
11001
26978
6726
5164
19959
660
30065
1705
458
32637
1742
18064
16730
12601
21908
3723
11197
3414
18607
4907
