1
2
3
4
5
6
7
8
9
10
11
12
13
14
15
16
17
18
19
20
21
22
23
24
25
26
27
28
29
30
31
32
33
34
35
36
37
38
39
40
41
42
43
44
45
46
47
48
49
50
13985
10281
3797
8568
27726
16257
14071
6357
2091
29253
26321
7956
26955
21398
5137
1528
16877
5630
2858
31738
2876
83
8360
18505
24889
10719
3264
2064
23285
16829
9516
20727
13059
25990
26934
23788
21549
19246
5138
8995
7782
16936
10608
603
30720
20433
12370
24676
32543
27403
