17176
25714
24516
23769
12521
18816
7511
29993
12059
19135
12888
18221
29756
32535
27232
32555
3657
17442
21999
12205
14704
18912
30550
23255
5146
1708
14036
9719
21545
10094
25087
27486
24958
20499
14949
7791
31167
16442
22388
13813
16727
12336
24471
4282
26046
31263
23714
2133
13562
25474
12144
9795
20070
6876
26314
12089
20658
15786
32139
30905
10539
31382
17410
15588
26684
9197
30872
24719
16181
18003
21427
24472
2892
6070
2778
21370
4578
21120
3865
18464
20999
20753
2727
21239
3903
32108
25030
8263
31110
26928
15083
27331
5779
8651
21023
4447
20570
5354
7077
16225
