1
2
3
4
5
6
7
8
9
10
11
12
13
14
15
16
17
18
19
20
21
22
23
24
25
26
27
28
29
30
31
32
33
34
35
36
37
38
39
40
41
42
43
44
45
46
47
48
49
50
51
52
53
54
55
56
57
58
59
60
61
62
63
64
65
66
67
68
69
70
71
72
73
74
75
76
77
78
79
80
81
82
83
84
85
86
87
88
89
90
91
92
93
94
95
96
97
98
99
100
101
102
103
104
105
106
107
108
109
110
111
112
113
114
115
116
117
118
119
120
121
122
123
124
125
126
127
128
129
130
131
132
133
134
135
136
137
138
139
140
141
142
143
144
145
146
147
148
149
150
151
152
153
154
155
156
157
158
159
160
161
162
163
164
165
166
167
168
169
170
171
172
173
174
175
176
177
178
179
180
181
182
183
184
185
186
187
188
189
190
191
192
193
194
195
196
197
198
199
200
201
202
203
204
205
206
207
208
209
210
211
212
213
214
215
216
217
218
219
220
221
222
223
224
225
226
227
228
229
230
231
232
233
234
235
236
237
238
239
240
241
242
243
244
245
246
247
248
249
250
251
252
253
254
255
256
257
258
259
260
261
262
263
264
265
266
267
268
269
270
271
272
273
274
275
276
277
278
279
280
281
282
283
284
285
286
287
288
289
290
291
292
293
294
295
296
297
298
299
300
301
302
303
304
305
306
307
308
309
310
311
312
313
314
315
316
317
318
319
320
321
322
323
324
325
326
327
328
329
330
331
332
333
334
335
336
337
338
339
340
341
342
343
344
345
346
347
348
349
350
351
352
353
354
355
356
357
358
359
360
361
362
363
364
365
366
367
368
369
370
371
372
373
374
375
376
377
378
379
380
381
382
383
384
385
386
387
388
389
390
391
392
393
394
395
396
397
398
399
400
401
402
403
404
405
406
407
408
409
410
411
412
413
414
415
416
417
418
419
420
421
422
423
424
425
426
427
428
429
430
431
432
433
434
435
436
437
438
439
440
441
442
443
444
445
446
447
448
449
450
451
452
453
454
455
456
457
458
459
460
461
462
463
464
465
466
467
468
469
470
471
472
473
474
475
476
477
478
479
480
481
482
483
484
485
486
487
488
489
490
491
492
493
494
495
496
497
498
499
500
501
502
503
504
505
506
507
508
509
510
511
512
513
514
515
516
517
518
519
520
521
522
523
524
525
526
527
528
529
530
531
532
533
534
535
536
537
538
539
540
541
542
543
544
545
546
547
548
549
550
551
552
553
554
555
556
557
558
559
560
561
562
563
564
565
566
567
568
569
570
571
572
573
574
575
576
577
578
579
580
581
582
583
584
585
586
587
588
589
590
591
592
593
594
595
596
597
598
599
600
601
602
603
604
605
606
607
608
609
610
611
612
613
614
615
616
617
618
619
620
621
622
623
624
625
13275
14785
31408
1711
25154
19716
24507
3153
32585
1895
10861
13288
4546
21375
24028
27578
10284
14816
1046
27187
24979
22139
7708
28122
32177
14379
21806
14723
14425
24202
20809
8389
29718
18953
22767
14510
30735
21056
7718
182
17709
13954
23747
6130
18048
7349
11752
21130
24799
29280
13516
17261
9679
25606
2234
3651
11687
24243
93
5540
23793
20436
16954
22919
6418
5963
15998
6653
12334
24515
30202
4639
30790
20801
12908
24388
27043
20988
5120
26744
14456
18799
6166
23082
12739
6572
32070
2597
24436
17139
10401
22466
14289
25987
28730
23643
23577
5552
28390
2
10855
13878
17727
18035
9946
19661
27631
26696
32755
1278
31531
3180
12862
21812
2941
13778
3893
31254
5063
14695
11105
15380
26757
20549
30658
13120
16466
6697
2673
32096
25006
9255
23172
6721
24062
18332
29490
25166
32212
30053
25144
19296
17009
16718
25978
28632
8328
16845
7150
3052
22597
6129
15798
25918
3726
13205
8076
20659
2953
10201
1379
19074
16990
9171
2123
21643
1598
25473
5014
3819
4260
11522
15673
16077
15578
11782
32117
14210
7360
19844
2486
22997
19145
17835
22203
7576
7494
6682
1527
22915
7911
15955
16951
15679
28798
109
20358
12733
30727
3082
21069
5068
230
6537
4543
31979
12655
7549
14708
3675
31147
3165
24148
29305
24409
1661
19127
2123
19252
60
21963
27993
15220
14975
18997
22974
32663
8031
8187
638
24929
22303
3489
30234
24354
10593
13458
10082
23351
32409
27842
6795
25811
5569
29586
26753
32256
16975
500
3198
736
18020
3535
12252
5689
7494
15013
26664
14128
18960
15731
7031
25685
32424
14296
32509
28640
12018
20090
25563
26938
25667
32422
17977
16320
25881
30518
21141
707
1289
30904
21850
25299
12536
204
18613
22589
2958
17614
29860
4818
11752
16309
21840
5866
24717
22331
15260
11177
24740
23615
23550
32385
1380
27239
16270
8184
22987
27401
19292
15788
32403
16204
20999
15764
26722
21898
25483
7816
20033
11769
20315
16900
23631
4747
3248
809
32438
1554
32032
16132
22751
11944
15730
12819
15586
16206
30897
20229
14145
9427
29055
29378
725
31224
13740
6571
30984
1745
12295
31267
21061
20334
3188
10318
19117
30139
8767
10008
32524
29349
22704
2682
5643
27262
14816
3833
2471
8355
10186
19055
9441
20060
26533
23053
2487
24835
30578
12705
21332
25449
25041
28693
10372
5749
1048
23864
21098
32014
31398
29890
11125
24379
10101
8850
31376
2185
1775
5177
3737
17838
18179
17340
11797
25963
21623
8086
12066
16567
21120
29693
19372
3609
12432
31078
1508
1110
21103
11339
12526
4172
32397
21036
29146
8734
1687
20436
19670
21905
24136
13533
4770
31158
5250
8310
16964
15306
25245
25444
13052
31066
17919
839
6778
32170
22508
799
17231
11864
22432
5390
1954
27453
6811
6496
25636
9620
22333
3784
14150
29278
32146
22508
169
7173
4719
31268
13525
30527
16574
14719
31023
32565
5398
13832
23589
31973
6031
28231
23980
15812
14292
19210
23532
7592
16249
6245
14393
26598
16015
4087
18502
21431
9846
22639
26517
8161
1779
7759
15666
4499
8578
10736
2465
23184
18158
5830
4373
10895
13086
4070
30179
28642
23346
13765
5941
2903
25039
4419
18435
31580
9654
14312
29247
16998
7836
1389
31312
3219
31798
3710
30402
22670
15251
12478
4156
10163
9902
25612
7602
31091
29252
12549
20699
5626
28131
28873
1766
27664
31300
14850
4457
1597
14810
7971
2970
23345
12203
8686
4033
32098
16479
57
24813
28151
18838
15857
23782
5861
17279
4191
19044
12376
8359
3754
22398
5460
24590
19358
23653
19356
1408
15531
13906
17107
27682
4657
20157
3809
10060
25851
8912
8600
26006
23817
24347
18328
2614
13714
25481
27759
28809
16969
17299
27141
3567
23008
5811
26424
26076
18890
11548
2499
1068
14150
31912
32612
29111
4505
23058
8766
22310
31130
21093
15484
