1135
495
12630
15962
19668
11071
13094
12270
16977
24162
2098
27051
23981
22736
16545
8563
2649
28937
20098
24678
20223
27866
4867
11082
25693
3292
19428
2608
11860
28991
29995
13140
19260
15301
29464
23878
11643
4881
6235
31815
29526
27426
23685
28406
28935
14107
22205
24108
8463
26693
20660
21540
28365
24150
1499
20191
3920
11508
25299
20934
23658
23157
22820
14994
26117
31721
6963
23913
11706
21082
21614
11337
16544
19794
12746
28074
9058
5790
20079
18015
17557
2898
22705
6846
26952
17933
835
2816
18396
7806
5799
3819
17686
16935
14057
29870
1906
19041
12685
18188
21690
29601
26566
24252
28120
23033
10473
8976
23785
24290
4384
15830
27026
7224
16483
18044
10135
2182
32164
10359
21417
12420
6730
18660
29312
10718
10721
12144
26154
9015
25104
13942
28067
13678
14027
1640
17061
23072
1737
24688
18881
11118
27705
31831
2223
20736
1457
32165
22243
15945
19303
17418
31840
9741
17571
6908
13009
18209
12660
3234
15574
30323
31907
23537
1948
2634
2533
27157
2736
2766
13396
2834
23061
19402
4384
3499
7828
21425
19074
31363
26707
13279
9970
20098
4009
13858
4250
13434
6193
889
12554
522
18973
10267
29997
31683
30157
6331
3452
9354
5537
7435
15985
7229
16907
17279
5439
20890
11240
16979
21696
2908
4368
27087
11951
3238
24363
3018
7447
22693
30919
31853
28683
22898
20648
4153
25496
28213
20319
15179
20984
9360
14111
13791
22024
8507
31179
18964
29181
31723
13651
12015
3666
4729
19009
5281
25860
5952
16527
17933
11522
24263
28348
901
6623
12448
5919
31444
971
8079
28538
130
19393
11503
18130
28243
20482
15186
15742
19217
1217
5224
17279
8075
1312
1570
20751
7390
12379
23318
3452
30707
10051
12838
22583
7753
15855
31068
26664
10229
13742
4121
30021
10983
21311
21615
8291
21358
9541
8139
3404
26111
3829
30423
25361
3634
27410
28830
9890
7949
23323
6386
9115
10373
5827
21002
22369
1602
20385
31088
4718
19363
32041
21531
17385
12546
9435
1495
9082
26169
29370
6126
11612
28260
13824
21249
9396
26857
5648
28727
4129
27574
5036
26010
25748
21194
10856
20925
21090
10487
9822
19106
26775
3558
548
5084
654
15707
24827
32753
13246
7098
31049
258
9687
27595
842
11438
7438
4538
2
14131
5812
1890
27766
10710
13838
26058
13595
22662
29537
10224
32143
23228
16716
2758
4231
2981
7258
11899
3081
21891
14552
23803
7643
19537
17124
6585
25659
23461
25799
24236
18128
3035
1925
10903
23521
8816
434
17550
11717
8620
10374
22710
29850
27524
30516
21068
6202
3006
16504
5865
3691
27990
7791
1796
26966
32545
5292
26552
10811
2992
6280
6599
11362
18551
29625
16864
15445
24622
13607
17949
12108
31864
9211
17616
3817
4803
26872
26751
11557
30831
25102
15661
13451
562
21548
27355
2212
12987
28503
31055
2738
15509
22777
276
5792
23375
12411
28098
19514
18394
16917
13696
30874
19506
23525
10694
13282
14912
31039
17768
1841
18944
14405
7120
11983
8927
19895
19850
19627
5223
27404
9735
7944
16925
19137
18074
3955
18090
22257
711
11768
4666
7718
20925
27797
2082
2671
31009
12015
8133
3762
21773
580
3256
15940
24921
4513
12836
695
26649
10837
25964
25587
31078
25765
17424
5768
4194
17601
8402
17475
2422
26615
19479
17152
19934
4647
15247
11710
22632
12151
21784
5113
30584
7751
24800
13108
28752
21864
26314
28373
26510
14984
31508
31285
13046
15601
15926
26872
30834
2164
5133
6554
15959
25759
22072
11851
20714
5175
1475
2045
8483
18658
16386
30651
177
32547
31424
6716
24381
22155
19354
4536
27891
14894
16037
4602
17983
27989
87
29367
3284
20594
24228
15390
4595
29273
25959
25008
30186
16812
6660
8018
24795
29335
6731
11424
14526
27838
8864
14981
30889
21876
16217
28424
3407
2606
11624
21353
23240
7991
11834
26733
20368
13989
21215
21750
10449
17291
618
25302
19429
3440
16283
15845
22806
2048
29115
10578
23465
21250
13512
7990
15132
30346
29906
3695
20907
12144
22693
10923
19481
24576
16296
707
13996
30963
22277
20811
23418
28319
2570
15207
21987
3690
20944
29151
32607
18564
10266
26742
6522
16854
8575
6008
22812
16949
29388
31635
14094
21212
26020
18407
10682
8473
105
32352
11314
31046
25952
25156
13940
28155
11535
30984
2797
32642
16362
3432
32059
22411
29487
26807
5687
27937
27919
13939
14643
9437
5134
17948
11904
16730
3500
8006
14132
14312
4165
7150
3625
15749
3126
32010
31305
8201
28737
11619
22025
16288
3379
9895
12340
15485
23747
11450
27114
11469
12222
21326
30184
28394
1889
435
7434
27602
7686
26864
27661
24023
25348
8210
11930
28568
28112
23236
7040
18223
11368
28192
5698
20908
20721
6085
10705
25283
17054
15146
8346
31937
5589
2354
24003
21700
20365
17920
23474
26412
30715
8460
29648
12365
16493
21366
21388
23910
16502
30875
17058
2519
3659
21735
7837
23694
13933
32490
12186
6595
22152
7853
14928
31973
24475
14150
29517
28372
17242
11946
14210
27728
4305
1987
11778
12466
17481
706
14087
30937
20079
6071
19510
29288
5811
32606
13860
11055
31983
15932
15128
5350
7753
26091
11027
28961
24922
179
27917
14720
3472
23386
29058
22566
29136
8508
11821
17517
24160
32414
1812
22488
30213
15679
18628
28490
6760
3888
6110
11381
30654
31718
31186
27540
29608
9102
23275
16733
856
19616
13708
5425
11510
28599
16057
11159
14402
13728
15320
13544
21114
7088
26041
13388
10622
12891
31957
21220
16946
10755
29395
29513
3620
8718
19793
6454
1135
28219
9696
31105
16863
17974
27472
18000
29781
4970
18479
2953
5485
20758
21132
12170
14431
12963
26880
27675
28451
1077
24816
21408
2777
31104
27148
13972
15207
24285
19227
32050
21092
24732
23547
18805
11573
23708
24803
30019
2677
29210
10988
16613
20123
17351
8656
17851
31702
8221
6897
302
24892
1010
8605
3045
17700
11086
5264
20796
3792
9338
15546
23282
13136
6489
16707
1313
27042
17147
7373
11892
27166
15216
30713
14484
15634
8666
3372
27875
23721
17606
31123
6509
11793
18109
8036
31260
5596
28949
32103
16939
11175
10509
8118
23004
20730
15130
3521
9326
12144
28795
22932
25161
25112
8979
13405
893
19994
17272
11304
32362
28318
1352
30446
32448
6121
9660
28366
171
30153
127
9114
11335
18740
26304
9621
1370
10540
27782
28027
17218
19173
8259
1474
25900
5418
24749
22816
22151
765
17609
19021
14265
6526
19016
30986
7952
29966
15895
22626
26107
12723
4914
31280
22138
12990
7097
13281
19667
3500
22597
123
8583
7243
20860
17374
28548
31262
12259
21323
2716
28929
1524
26402
14902
6416
113
23024
3139
12230
28919
22696
21620
27234
26326
26673
11178
18319
18976
25633
943
9283
11520
23241
8995
6120
18253
27249
7609
23482
20575
996
7331
16752
11042
13872
2890
32030
6248
26535
31811
18010
25476
8233
23166
5278
15636
18598
15041
31469
14366
990
24917
26297
7519
1131
20480
17925
2271
1026
28723
22727
1481
16374
11651
12688
7290
7933
5213
10606
1752
25655
18678
19218
32485
4972
27266
31022
23444
27286
13990
21537
28635
5279
303
8918
24585
31083
21508
17129
24922
20249
19289
25612
6088
20614
550
4778
1573
15635
8920
21962
17511
1449
28742
25653
28739
19194
23270
13531
3069
4361
30273
28275
16254
19436
25252
31330
12199
10704
32537
16094
24549
15935
30613
17491
20997
29342
883
18949
22602
24570
26657
3576
19901
30212
5146
19469
10437
4953
26132
14445
7159
29447
29818
31018
14639
4941
26908
25380
19168
31139
17702
32298
22440
30714
8526
5218
1064
22341
15954
20715
18194
2872
31138
12736
9091
21328
31321
20704
23956
27923
10866
18604
23852
15257
20537
14224
13080
2123
23551
9957
29789
16619
