21209
19293
22375
25592
14312
27679
10384
27755
26628
18350
31106
22782
25942
25305
23003
24738
6552
5318
18236
16714
26245
9620
24919
29610
6797
16446
9289
19518
7630
15299
7467
11663
27456
32644
19683
12210
10799
1773
11584
24849
31727
18519
3143
1134
20939
813
12743
28708
24382
14670
820
29360
31846
22451
6577
24689
3253
21074
32367
11948
15850
14146
310
16339
13119
32031
23873
17671
28900
4272
8271
22747
7085
26055
2039
14171
24840
3945
18748
14157
6961
9007
30305
26806
1449
27628
30463
31904
5604
12176
18004
23067
19521
3149
27614
1154
4416
12536
25128
14079
29424
29873
24549
22865
22182
4550
14139
12749
29428
2005
16225
30883
9689
26929
31852
12387
31542
6023
31078
26560
30593
13250
2209
18579
31421
17707
24138
6179
20394
23509
14657
3235
15161
12856
3624
7164
8258
4636
26811
10189
2937
185
30559
10928
15263
30236
29949
19136
31221
9164
25872
30040
22262
3758
22013
26653
8005
38
7588
19262
7397
4735
17460
16634
30888
23693
4419
3683
20458
144
28446
16738
21118
8796
6237
30716
31977
2231
17339
11475
17102
28163
16933
11504
15786
17437
17169
6847
13250
28548
13073
8795
2905
15806
26792
17164
32293
6903
4956
21007
8452
19180
8460
6805
5100
10503
3460
16141
28192
13259
20559
16294
15018
26483
23756
18960
6405
11222
26757
13955
22042
22926
27579
22019
4462
6745
4166
30178
17049
10431
668
15494
13050
13046
22831
17261
16297
25858
1532
4717
30637
24096
1632
24641
27247
5477
17710
15425
14959
29091
25344
1393
18486
6284
22730
21181
2444
14618
10421
12419
24810
21806
4394
22354
2354
20087
30252
16370
27038
14997
29932
14500
26102
17022
21911
24490
32519
4385
20339
9994
22352
5450
21290
17808
28670
6854
20326
14610
12827
32455
9117
15863
6146
906
13615
24570
2838
1846
23214
2092
18867
8712
4476
11320
26981
28589
12700
747
18776
2031
5058
25076
2320
27284
23980
10472
22362
25219
26805
23945
11651
9257
30376
23879
19143
11035
10450
18439
1036
6909
27995
2084
15313
10146
22230
7091
5729
18548
4630
780
15948
15127
28227
30854
19735
6473
11054
21889
11315
1549
482
18602
556
13832
7036
16762
35
22315
27196
13568
9086
7058
6363
8161
16350
27564
1055
27037
25937
925
29358
3347
30410
32736
32544
10824
1230
7473
26711
25956
16495
12202
15379
14077
6782
5420
4033
4504
25341
9984
15252
109
31955
28350
19415
9067
31171
8814
7298
11388
12959
11246
21259
16906
12217
16276
10878
27330
30107
17939
17872
26264
2552
7587
31857
6411
17634
30300
21792
26794
16956
19939
8963
14295
1907
20041
30967
23243
12649
5168
26405
11994
16050
8240
14038
14072
18947
30585
6280
24957
18663
14265
30784
23333
8884
8768
27683
4955
13246
25186
28992
21943
4298
4892
27313
7365
7878
18427
5858
520
21175
7482
28464
28478
11762
4906
9654
29926
19087
14551
13667
27136
3099
27113
14416
14612
18573
9160
30801
32373
32123
13828
28107
23495
25998
20979
8389
9407
564
15772
8257
18730
28052
11731
972
8241
2247
2982
11092
30939
23109
10488
12602
5075
12445
10348
17064
27244
23914
7301
21029
26338
7298
8715
22630
29155
31600
31152
5991
31053
21797
25843
5051
21562
13802
19013
14369
10298
15257
25706
22359
13279
17933
291
51
8831
3031
4874
22511
19765
26418
6845
28357
3369
28474
11070
17083
785
12632
3482
25793
30712
7937
18377
29689
15166
928
2774
25430
8673
5840
19520
15720
2810
32463
3743
23158
3467
22319
7562
15566
13175
4047
16569
1881
26066
14346
10855
17010
28251
2606
9466
25336
12871
19248
17382
18338
2625
21150
7119
8339
23470
20180
17902
29999
22325
6515
12981
15404
127
12303
4022
14828
25403
9512
17601
6410
6502
7516
19532
28979
1737
11482
27416
12343
28099
10522
2834
6495
16712
17100
15736
20226
22570
31758
10300
6739
26007
20193
25261
25981
23268
6110
1364
7154
5768
6437
28956
25855
1132
10647
4535
27813
4962
25669
7996
11940
9202
27687
8981
30680
21597
6162
17432
4552
19932
6884
7668
19581
30505
31746
10191
23184
12352
29700
28205
13191
31591
430
9236
28770
14188
19234
20334
22128
20270
8021
5294
1127
606
11200
26038
30132
11143
14936
6136
20496
10060
3007
9692
12116
16626
8636
8034
25486
18462
3561
3593
21844
13279
6315
20463
1112
30446
21607
11833
21565
26933
28915
12981
7081
27279
25419
190
10652
8911
13702
13665
13568
771
4872
4798
27265
27642
25848
31408
3230
7683
4853
31920
23040
22008
15364
31478
11787
15227
31693
10978
4020
1152
4104
29851
8850
29196
29234
30198
11831
2619
14724
11417
12224
13192
22821
2912
10667
5449
3743
32511
9705
24953
5264
9705
7732
27578
28066
16241
16035
12698
23484
5679
13948
14358
22394
27046
2889
25181
7131
6947
8750
9686
6714
8680
29561
16227
27264
2698
7291
19944
2967
1432
17303
30215
2082
18813
664
29486
21355
19368
19271
14804
29340
5354
31294
3839
17971
13599
3063
14602
1968
6672
10280
11685
20368
19864
30547
24861
14207
24326
30360
6878
27850
31683
15823
29494
18195
31541
27603
24155
14152
25058
11552
26800
8918
8153
4257
2116
32537
3662
7875
10139
16663
28804
26318
19890
30063
31728
30325
1853
5260
11163
28588
30003
26398
25288
12473
9356
3787
8919
17038
4938
1825
22633
342
1718
13008
965
13134
5868
18710
16506
470
5017
14202
28742
2248
9732
19389
3383
28680
21579
14862
26384
17244
18927
21373
20462
31870
2451
178
31787
29552
27649
21727
6531
10512
4206
19699
24949
8172
8703
3857
10988
14167
5772
15936
16159
15549
19107
13924
30134
10035
7888
17517
23598
12626
31259
11982
27774
17734
21971
8752
5883
28450
13962
22120
9081
18806
13921
32679
11699
6180
1158
24561
16621
1391
32250
3281
22231
13653
17304
15690
15797
8991
29011
13328
10685
32054
23231
6649
30144
29496
28883
23726
22285
10827
13549
26022
2195
19378
23830
15701
12613
24990
3463
28320
2499
30278
19309
16021
1334
10553
3306
3161
379
12019
2652
28001
17029
28335
13537
23013
15612
12925
30235
32146
29738
7572
7472
128
28440
23785
7445
23651
2292
17921
13
4613
8374
22531
13420
21236
27652
21265
5793
29559
29010
23000
23667
14535
27981
20838
17803
22396
10106
29500
13619
13894
31258
17829
6493
18653
4434
28230
17127
5947
9608
4853
4893
17672
13584
15567
8832
11606
264
29060
17606
26254
20864
30454
3617
17066
17631
29955
15812
8101
11905
27038
12708
7216
18597
8997
18299
1191
15751
13550
20243
3139
19401
6692
29121
9873
2583
31441
13103
5411
3595
18235
28511
32133
31310
7540
31213
7026
14337
11565
17045
25416
24411
3531
8948
10426
5011
15037
14739
7621
22016
10764
30241
15845
5247
12595
15104
31112
30485
11314
14340
13763
12501
6878
25207
29764
22532
10363
11872
14216
2428
20876
27908
30542
23374
7146
29870
14667
25259
5396
30124
8735
20741
2758
8346
4744
27761
12749
483
9429
26448
12057
13956
7838
23342
14100
24083
10931
27370
14130
28160
28498
20503
15817
18972
21661
22435
5156
18007
3914
4534
16083
30158
17309
14557
22596
27397
21651
5224
31128
19824
13153
23057
9647
26681
17180
21214
27269
5693
9402
18248
11458
12120
32569
30364
20876
23266
6174
7586
15008
27513
20513
20605
18593
10241
22567
11218
22447
9706
12912
8492
27196
6321
21522
25247
30235
15018
31398
12716
2010
13052
2625
5477
12370
7405
1958
15313
28796
5216
697
2706
6023
27547
1335
8901
18215
28238
22949
23594
4655
21969
16006
31621
26978
21166
22993
10308
19078
20319
162
25953
26043
20569
10032
4490
11531
5449
3327
12928
578
24477
31063
4029
30464
582
7156
24665
21260
7868
26111
4142
21739
13123
28477
24635
24754
24174
15239
26182
4376
31713
29818
12229
24271
32346
27503
3071
21013
10995
30637
16751
29318
6561
1246
12905
26932
7937
26048
13568
2297
852
16157
8742
12556
10951
7933
24597
15827
4857
5146
27630
31736
18871
22932
9888
20927
16650
27366
26892
4759
9331
5145
9063
12527
4981
21048
3039
16970
25940
6147
8321
2454
23069
19175
90
31673
23782
3118
24540
29294
15191
8820
7300
335
30313
5978
13242
8498
4206
23934
8441
9657
31826
4778
26415
12581
4640
12875
18791
6763
11463
19493
30373
31114
21791
4934
11537
19995
7719
22840
6232
29738
5777
18811
28496
23364
29568
31026
5339
13265
22672
7965
16397
1701
24855
1991
28561
27345
20138
6657
11336
19903
227
32654
24372
382
6754
17952
16021
1370
30482
3204
5713
15536
22445
4121
28569
2048
26243
11910
23498
29764
31095
12204
26257
29824
13642
27610
29523
22939
30236
8768
2508
31853
8495
5031
22006
19993
17391
13663
24364
17053
9263
4216
14991
18855
9654
8501
15529
18859
10490
19133
28240
20786
18219
13076
18637
29301
3955
6986
32062
32042
10621
2034
19257
2718
308
19926
10930
4100
24525
22249
19743
27404
5639
13181
14809
7352
7089
19382
2502
9836
18541
17727
1589
15684
2485
28987
12041
18345
14875
22143
27674
22823
32213
11262
28120
8313
18552
22404
306
31718
28676
17576
23222
10193
28961
10236
7417
15243
18600
646
7737
26731
1637
31092
12609
12065
32028
22027
30093
32583
13257
16865
29359
30009
31788
4940
753
10791
21125
15898
20796
19048
27293
15490
28216
26129
3589
1115
16565
12231
12194
23692
21834
7633
22634
9924
20795
8561
20840
29035
3232
26741
12038
26072
6084
23817
8587
26308
12236
22479
12003
29438
26265
14386
14751
8289
495
22263
31036
17156
21974
1812
18344
5296
7744
6342
26626
28823
7149
4830
10913
30530
30860
5723
4697
11980
13859
8254
24313
29518
11696
7578
8472
19354
24849
1515
15122
30252
9249
28584
29517
16989
24868
21276
31681
2522
31845
28529
4791
24149
6941
1550
8400
16250
20887
24611
30794
27941
31890
21121
6527
10706
18919
13232
8366
341
13419
30779
16638
26571
30487
26959
28864
17616
15206
10628
10997
16114
1791
31739
27152
23398
11412
425
16381
17914
17418
24818
12129
21835
28122
2938
10788
7992
26039
5688
22829
12694
10353
22476
4460
17189
12569
16658
6686
28867
4454
9207
10316
23264
26967
23691
13205
14130
538
4184
2094
10922
4141
30707
14887
32678
24771
26320
24048
3176
30313
1370
10779
24007
22761
28995
26211
31268
7278
14361
19438
20640
25578
24603
15055
10380
25269
29514
26831
9506
8567
16579
28013
12658
2631
18507
20259
26782
20
1068
30187
20042
1348
1344
9986
27471
13724
5451
28140
8879
5984
21389
5816
21198
1979
32664
7557
5855
18016
26208
14149
15516
25714
9617
22465
16954
6818
14629
22750
28828
19095
1845
10014
26055
12178
24079
5993
9110
594
6282
18958
30382
5173
23702
16133
18869
9633
10263
32631
14527
31650
8180
127
30985
30932
21866
9011
26858
15748
30119
30174
23558
4882
6036
6800
30661
9881
7154
30425
13316
22226
21416
4305
21514
6454
24667
15707
27581
14947
832
939
17685
32193
20014
23046
14802
24677
27384
8137
21866
822
27897
30893
21318
78
24816
27977
19757
12195
3855
29913
11777
7910
9038
19517
15529
16555
12293
15941
21326
5835
16058
16683
5834
23558
25399
3425
16989
28909
1248
4493
23458
4096
21060
26579
25282
3347
4850
12370
21224
9206
19342
29937
1781
6740
26660
31323
22132
14556
24763
8776
32464
24479
3118
17151
11460
14777
5431
6168
14868
21556
17869
12423
29563
7209
7344
32214
31460
2088
24898
26802
6621
28890
10648
3753
6216
23781
1745
3378
27475
17424
19366
32238
20651
3496
8515
2093
10733
20002
24149
11188
11358
2049
21605
10430
14555
29691
1892
10560
28691
5207
903
3953
22259
6041
17749
3466
8034
20065
26622
27338
26927
14481
3566
6590
3911
28078
14242
959
21804
25737
31930
11708
2210
24094
23376
6714
27564
30652
4489
3224
31414
10342
13673
4504
25364
11642
32492
28955
15787
10896
30802
27948
25070
165
2234
29248
25869
8313
3314
7356
6504
23605
29326
14264
8778
31825
2359
6403
28628
7093
32326
32359
14135
3870
13970
20526
15143
23492
31365
27876
30860
314
10358
25183
2938
6805
24882
14333
24675
6864
25308
11821
1419
10351
1528
5937
12477
23651
4290
11554
19773
26670
21700
2356
9725
26439
19111
8251
19
24512
8266
26734
14699
13862
27921
3179
16313
6313
128
20348
29618
9596
32520
1817
19580
20607
16672
19886
20323
19484
10392
21150
12237
31086
24618
27527
11120
9129
14675
19144
30402
2742
7265
32576
19889
285
16076
8537
31893
8488
5065
20805
30051
23878
11037
27272
17699
28589
29231
4279
32164
27971
2914
31103
26478
32703
12193
6120
4088
2827
20028
3291
2075
16877
24306
227
26311
28135
6735
19248
25589
28252
3128
2529
8156
13043
13508
3971
27240
13633
11085
18900
7912
13730
30663
1485
26631
16231
5713
13536
32765
14391
22794
6015
16646
32431
7206
28893
6675
23628
65
10232
15296
20107
7922
31191
4487
27470
28068
8464
23347
25730
17057
5774
31383
28415
12400
20369
18815
4271
11105
7414
3047
6643
11622
4025
21099
20034
19492
1720
24831
20
30026
18874
28128
9214
17698
21935
19659
7966
11110
15930
23148
21689
21076
18540
15385
14115
31748
8915
18368
24543
18938
24243
10270
29448
8952
3731
4402
20975
11029
11771
6386
24838
531
13949
2108
25853
15342
1522
14351
15146
18353
31238
20219
28974
14477
25847
29398
32726
9516
16281
17073
11583
4419
15518
11530
23102
5479
8468
30276
16126
14625
1583
852
23275
13124
26697
15548
7119
1150
10023
7613
59
8238
23422
17352
14633
6005
9653
4663
3807
31376
23021
15930
3351
25701
11583
22292
14940
25691
18500
7815
24247
14959
25307
17804
7563
6533
19750
24904
26302
25595
2518
11324
793
5764
23977
26556
16370
21812
30768
29090
32264
20183
6614
25155
10158
27271
23326
18082
21036
29566
31020
19172
3682
14120
19335
26884
11438
18812
18205
28616
30736
25485
12936
30196
11404
4188
28559
3517
11472
7153
32240
19584
15127
30890
7005
31412
14669
3794
9412
30
13428
10869
7379
24643
16198
31603
31676
23331
24604
23508
11317
1572
5646
20571
22979
29005
14684
30558
29753
11444
15117
22997
3195
16954
2005
21168
28296
30581
4668
110
7352
27630
18429
29931
4162
26509
30380
6009
25344
27985
25500
27955
18039
26180
6912
15246
27666
30895
14928
14641
17070
24458
14831
16647
11611
22070
31242
15250
5985
27759
5827
12930
2434
22140
18319
17030
9343
3496
19932
24418
9438
21750
14072
7746
21481
30225
29998
31309
2554
19074
5170
18302
9718
25893
3263
18351
7704
28638
31614
5623
3568
4488
16170
23606
26027
28718
16882
1774
7828
9086
29214
27477
6363
11130
11766
5032
1685
16241
9951
9665
2053
2350
32712
6124
23834
8303
10948
10231
20536
23193
18936
18568
15932
17065
6072
30899
24506
19822
6637
14796
14216
7670
9402
6010
19073
28230
28767
30221
1155
28749
18013
6930
28346
15131
2523
9252
6945
6223
8008
24581
26949
17870
30530
15853
2125
32699
16566
18209
23095
26275
1609
22216
7268
5623
15095
1018
31063
32448
31226
29211
26554
23182
32238
31591
31393
19121
4914
27085
1811
30636
2449
12801
17095
17639
26914
25805
16427
27812
28268
19112
27562
6196
4558
23945
28207
18539
7711
5373
6373
8785
6801
14456
15938
29722
3035
11240
7235
1625
20631
27280
15353
3440
7400
9236
27204
20299
22881
12240
11743
20814
26914
19054
24220
8843
6980
20920
16881
5689
19320
29354
20660
609
30186
32204
2595
22235
17004
21951
30759
8313
19152
11285
18650
19586
8341
102
8518
16482
21959
5535
3440
6559
3360
20894
12693
10767
21875
15100
8371
1097
21579
2346
31819
11353
975
31424
16741
16568
2024
26129
26326
12155
24230
14339
12478
19402
28640
21790
23892
22420
16411
4322
3814
21889
19117
12126
5915
14120
18211
9470
1916
15235
24031
2213
11058
4511
4102
27643
19985
5016
22169
3593
29910
11717
15585
7171
27309
17968
31249
29796
18423
14409
20007
8256
22089
14555
9747
30422
30136
13886
19227
8038
26452
2255
8574
25922
8434
1949
14935
4646
3631
21861
15557
17100
25265
31169
27209
27068
25008
6812
17007
29794
16053
27113
2481
18018
31650
7060
14232
32560
26611
30649
4132
15835
9539
23829
27758
22313
21778
18362
30348
12777
21445
12294
23733
15749
9454
21973
16293
14039
29902
19446
24643
12093
21273
22492
20610
2544
2808
31126
11141
25489
15444
12290
6406
6149
6738
19773
8184
23171
29466
28509
3179
5099
25821
29027
27825
31578
25622
26731
27071
7419
30480
294
32469
17184
19112
20874
21602
30097
1108
29384
16930
803
30052
30591
15497
18829
5000
4655
12644
12152
23187
32752
6078
1237
31614
2916
14080
15731
31920
15338
26973
14801
12156
1300
23917
4657
7916
2652
6936
6125
23485
19218
20406
270
18858
19097
9588
29211
20974
2259
10746
23087
7940
24282
2123
21838
17841
5105
6636
2297
32580
16058
4936
12032
22813
18089
20307
17048
32108
6584
32366
941
31035
27228
15499
17530
9135
2488
21137
13654
2698
12817
9986
8913
2037
21891
8667
23039
25981
17650
1979
10004
12379
17219
4168
8753
8952
22731
15310
15998
18352
31495
11306
20345
14550
23694
1255
30862
8697
31045
5798
15079
26214
13010
22979
5509
4334
4435
31797
27536
28906
31823
1718
9451
2172
32748
23845
15628
12311
29283
7720
13323
4929
3506
9749
5624
27287
20881
14611
3186
5906
16806
6268
11893
650
21500
1926
628
27000
9138
803
26280
29184
15344
12581
21415
13359
3871
19110
11576
6017
28250
1447
5478
10662
5407
16887
30163
21125
7499
32087
13135
2434
28485
21211
16297
28668
633
2451
32197
29978
520
30315
11247
26312
10685
13648
18543
5116
28484
32148
9310
25662
19350
5524
6328
2151
14520
10648
4530
10409
14245
2554
25677
13263
29321
5259
8747
13254
20271
19762
24481
19293
1469
27094
8207
16713
3999
21886
23660
15468
705
28343
22565
5463
11521
1335
14376
24845
996
23231
4155
6409
15495
11078
23187
1155
8153
83
3490
18160
28424
21419
17456
14280
27705
17708
11181
26507
23420
26617
11462
30214
4095
27351
566
7635
22914
8151
12767
6431
26122
10038
7193
17327
27610
16769
5450
7717
12191
3324
15799
5760
15083
12869
2969
14819
22244
17461
15220
13207
7998
22279
6820
15698
16742
4796
24632
25786
15360
17597
2052
18981
12948
13507
25586
15523
10628
16628
22425
22334
15938
1359
29201
896
12223
4681
23045
1334
19239
30392
16393
29556
4299
8433
19246
17113
9567
23341
13268
17684
25445
26418
192
16807
8425
32047
6767
3051
32111
12775
10409
14933
19498
2065
28249
25335
28270
12543
6043
330
12904
16511
11799
26922
2573
22527
10126
27426
11856
3316
17074
3562
664
3708
9787
302
19569
20033
30263
11665
4993
12449
21409
1522
15807
2061
31286
32238
15327
24495
28804
18854
23056
22864
32324
19138
2282
8824
23785
20150
12962
17623
22137
579
28801
21987
18076
15937
13460
18883
12787
4509
15268
28012
26538
11422
23400
19466
24913
4460
250
929
21735
11730
29576
19700
11576
16963
12108
15014
23658
14875
27838
29599
15570
22824
10248
27825
29708
25193
15546
25979
3146
7189
27071
11406
14316
21727
20880
28367
29521
20089
19111
5661
30957
12631
5175
31539
15260
28085
17178
28367
23350
11739
31498
24084
18276
15776
18453
5676
1202
2861
11339
27443
18405
9475
13754
18000
23438
22848
12444
24357
991
23069
18894
9322
21694
3004
13700
6100
11800
24353
11836
8508
21112
24190
24560
7421
19416
20147
5008
10654
4791
2581
11951
30897
11115
30830
23421
9978
11705
18502
27893
24532
27299
19809
21335
20433
9345
10377
13529
10913
3411
7310
32409
18485
32598
13450
471
7459
9173
8041
29025
4685
31810
25769
21326
32702
389
22111
15087
20180
19860
25723
24323
1956
836
13644
24618
19866
26719
10055
21405
3936
26102
8196
26139
28161
25336
19593
11047
8015
11524
14027
27760
20354
25468
21618
3473
17953
6363
29405
22522
21030
7752
9318
17198
16733
11627
4839
3376
26381
25727
23421
14135
30170
18600
22411
15017
12522
17031
30466
2631
14407
18700
4064
13221
29828
11916
18167
13534
26020
17428
30192
23173
22839
18172
12943
14815
19398
19647
23353
6991
31089
8458
19635
26897
25047
18962
9516
30251
17206
10027
14462
12705
20691
23959
6577
6633
10397
1947
24000
1182
19469
23000
31648
3705
8272
13017
28031
18300
14760
18665
30538
28528
30224
27175
13937
22162
11039
732
24302
13962
27438
24075
18820
6044
9661
21578
14148
5666
10003
23761
28246
7226
15141
13521
5110
25532
30649
4359
26557
21615
29131
3472
17442
4732
25136
20479
2112
20770
32121
4013
20186
15788
794
30800
5788
5792
18380
6863
16291
17210
16175
24661
576
32536
18612
13221
17145
28215
17338
21677
26577
11550
12023
2653
4810
12633
22298
9913
26023
3625
22702
4397
13046
29050
31042
19233
16462
27925
7111
8910
32214
24599
21561
2128
22278
5282
24194
14588
178
26066
31899
13555
26692
499
32756
13047
10313
7409
534
1662
9775
9999
4231
11269
15692
23516
20461
28583
6947
15716
23159
25070
12515
20387
23929
3817
24113
10303
14934
11135
14631
9846
11939
11522
6045
26452
18313
32520
15783
18986
9323
19318
21854
6461
19657
2269
5092
10939
7525
17162
12194
3571
4260
20952
3028
6340
26166
29257
15688
26966
28153
30165
19554
12297
31259
31746
22628
21931
15488
27189
32748
20974
4963
5576
12991
17945
2367
21596
20676
12285
3056
26225
14932
18731
7957
28724
13745
26212
3514
29847
19923
27473
24372
1703
3691
9844
4939
9499
16674
10591
27039
29736
4129
28964
14404
18845
12759
29452
5552
16171
502
24972
22999
16132
11199
15732
14996
16041
18816
1898
1867
7164
7515
9623
18381
20637
18248
20896
17019
28531
7261
8920
11695
8329
846
2228
4183
3868
31280
18815
5603
32242
10626
22862
22882
30189
10349
7479
27623
17119
22091
28350
6706
12960
28007
29584
13708
19038
13059
7540
25587
26165
26784
26238
15223
30463
25209
7557
11492
21102
26449
22232
417
18776
15726
21805
28888
30801
2278
32474
4055
1663
24345
13128
8631
18090
13183
5284
2619
28307
420
6615
26618
22663
22640
31929
6593
819
10924
22657
13107
17338
2242
3201
9394
24069
10180
14096
6787
30555
22960
23751
22316
5937
23283
4080
3361
10819
6443
11323
31648
15331
22321
31411
21210
22929
21079
20977
9043
21709
19694
1679
23691
22313
8716
16352
7902
31906
18060
1246
25769
26672
23381
5476
18094
1692
13536
25502
24506
29586
31732
16829
4997
13559
19380
6127
15577
16508
28892
13966
1782
32628
11848
6295
30262
17635
10934
10847
25581
27095
27596
26753
29075
1019
605
27419
14117
27241
19432
12602
12488
31936
28001
16530
12208
24694
27444
28019
21056
10352
648
24312
18290
6864
10176
9090
24954
2319
20040
26980
15270
28235
23950
12256
30601
18402
30542
1107
21848
23615
29459
8108
11156
25588
13051
30754
489
18697
13754
6951
21335
28820
2529
25495
15247
17034
1633
24630
5024
25557
27722
32345
16850
22183
21977
19683
16594
29965
5810
27507
8720
31175
29034
31196
3942
2903
17992
7126
4090
32088
8013
25843
5221
15377
15729
16596
3605
5706
2864
11164
5615
22878
6213
20133
26169
29586
694
21874
11192
4261
28944
3813
29205
25769
500
11954
12166
6417
21714
17172
13226
4106
4085
12991
32180
29199
1984
22293
15819
14775
27447
1692
1457
12754
6593
9136
27811
6581
1579
885
10881
25554
19185
16656
28207
17036
21433
20759
29499
30537
16417
26949
6848
6088
25530
4211
2954
15797
1876
27331
7546
21626
20349
5663
5164
31065
27716
10978
27864
8631
30275
13524
17270
31675
7388
14428
4902
15640
2498
6129
21966
21543
7611
28114
18181
12089
27301
11767
20016
3627
3767
9287
21482
4667
21770
8971
1706
25
16216
30115
21151
26690
23811
27511
4319
10633
4953
3889
12737
502
15126
24106
26247
8660
14122
5153
3649
29958
26813
24371
27118
5786
9329
4103
23523
8865
3303
6730
13937
23101
30340
31067
24002
19963
14453
19783
16644
611
3824
17399
28361
17102
29373
8872
18606
5752
2550
924
6715
3030
5643
7183
5899
20010
776
7789
1069
14676
31771
3266
4297
24555
10577
3954
8711
14220
31392
9258
5676
24434
9258
14614
17159
13639
12224
2133
13195
11322
18341
18346
26813
6738
7829
116
8657
28674
6406
9184
28559
3581
7086
12125
5884
11595
9029
30032
1847
3485
2444
24073
26273
24030
7054
13558
31552
4874
25894
22039
29286
8515
21953
20402
19341
19234
8805
19528
27270
31563
2291
22727
5331
23620
22697
23297
24145
8839
25578
19549
18714
15573
16194
3277
7337
24270
29093
25088
14399
6591
31223
30424
25734
30651
19922
28446
26740
19693
13699
25461
25971
13100
10581
22924
16063
25552
5139
3224
4111
25540
7880
6658
30583
13789
27081
26204
13965
1898
22261
20122
28363
2829
18748
31103
32052
30153
32094
23893
14650
21083
24565
19937
6880
7886
1206
9878
3100
26698
8948
25865
27007
22829
15205
18341
30231
27996
19241
17568
18069
16604
12296
27949
26539
11420
8700
4340
17336
9621
26095
13759
2983
4629
7621
14198
10004
2392
22941
9293
28593
12633
20052
10556
15337
12007
21835
8880
31939
23547
6507
9600
29448
14409
5478
5154
16296
18453
18239
5151
21338
21832
15628
30660
387
18115
24315
28698
14937
499
6803
6937
12360
2726
21308
16921
27797
21789
15362
23689
5953
32354
32406
10979
30256
24284
21397
32223
26506
11040
28685
32232
23394
5898
27710
1740
4245
12045
1949
27575
6389
23495
28191
14178
26791
17368
25267
15496
29898
32757
29456
2714
9561
21816
6322
6835
7763
27066
27423
18638
9241
10084
18287
27959
7959
16642
4363
10815
678
3481
28597
16948
6961
11771
11977
2448
1943
12440
8642
18801
25041
10135
12799
9801
23253
25894
31176
24279
19898
21006
4236
30550
3612
4746
27756
9460
30146
27993
31998
3461
30078
10514
25418
12153
11605
21432
27417
1547
20448
10382
10608
15804
21746
2092
25687
3328
16252
14035
10206
1335
31405
21758
11362
28638
4701
17977
29197
3079
19115
31286
13724
16390
23269
19486
8805
4974
20393
27685
26008
1340
22602
1889
1733
4689
885
8668
10654
38
12053
22248
7423
16315
12147
29618
23339
31952
29090
8218
24409
11608
7450
2498
29807
13611
30883
17765
24845
29179
5749
23147
5325
17289
2973
11450
15049
25624
13986
14542
21854
9506
22889
22028
18224
25675
2646
29523
28014
19603
16564
469
12120
14287
87
549
9982
17498
26751
26512
18250
29448
10752
17841
9024
24923
10400
31808
14981
29690
19393
21803
28446
1374
16960
18664
2171
27855
15772
23817
26548
29071
26715
20753
20754
32341
7081
3462
28369
10492
6211
2375
28964
25213
18067
6432
28538
25371
16924
23964
28416
9949
13337
17178
12903
3649
16737
18467
14055
30511
3982
32251
644
25132
9566
30582
10128
30672
10842
6669
8561
634
18869
1329
28324
12354
15478
992
3074
12591
16090
15477
13634
1451
29939
4804
3776
4403
662
28774
7292
17747
23156
26450
10854
30930
2183
25261
2521
16170
31664
23012
18533
21562
4766
14839
17361
28735
28657
31000
16224
6145
22943
2164
24148
15690
10135
6225
10161
17308
1445
25177
30531
15651
3222
28213
32738
29673
30364
1118
17141
4937
29428
17200
8501
1446
23749
2625
26804
23133
22860
12272
1053
18423
8502
13633
12093
7844
31053
27624
21698
16101
7767
17059
31043
26760
10299
11213
22401
30169
10342
21041
4589
22295
1901
4124
7530
25125
26100
23734
18771
19074
1230
9105
2240
21883
30822
14979
24837
7839
11101
27057
8572
116
29812
14829
18565
30056
17325
32066
14794
1290
10925
17868
10696
4474
17509
16077
25227
6430
16369
7166
17848
16535
4800
4899
12241
14580
5622
5090
8373
22053
4878
12757
19814
27058
964
29918
32527
13741
2354
955
25414
3045
24121
23770
12686
27996
18722
4462
18976
15867
20613
14018
12779
24709
14186
461
4057
20170
1199
16648
3924
541
6570
10364
19465
16391
7182
9247
10987
7997
14099
9312
17531
22736
30673
6401
17479
14756
18669
3621
25009
18467
20856
8106
22002
29234
15124
14008
29535
22372
9049
17818
16874
878
15479
30157
17643
11484
24860
31831
20001
19458
8088
2138
499
7732
63
32745
28924
26938
2830
32538
27335
4862
20626
19805
28119
24968
31238
15628
22763
30508
9404
10563
16768
24322
3262
1521
5014
15767
19124
13871
24247
31202
10504
7377
29750
29306
21577
6971
15029
4870
27341
29303
23273
24052
12187
14980
10658
15982
25735
25584
29445
13961
3999
30633
2844
15808
12230
2320
18322
25506
9375
3663
18103
2759
19885
4844
10186
20488
9400
30879
6264
29167
22386
14945
23456
19565
9306
26054
11609
15563
32481
16012
10294
483
16075
16500
4041
27792
24281
29520
9317
29795
3749
17758
25640
1176
7117
24532
23865
5448
30291
10684
30031
25824
21572
27906
19059
26065
14488
20940
4358
13449
24922
9225
4869
10659
24841
5965
13452
23642
26429
31964
8601
10564
31885
8197
2323
4413
13745
15537
2315
1184
8676
17467
12353
28350
30860
25730
14570
5512
18973
1341
24752
8591
14395
12175
507
25135
31007
5084
21103
8710
10811
8666
27318
8107
13857
26347
31615
32413
20897
9898
21446
17530
21553
25027
7254
13938
28563
16137
27789
11002
2737
2754
7264
9157
17356
16453
30622
17392
24021
20936
13945
30333
7451
8819
24386
22786
22311
26297
30068
16034
14820
24295
6644
24381
3588
8189
151
1764
30878
24254
24293
22928
28
28931
14365
32531
22612
31060
10873
19278
14837
28857
8626
13989
18725
718
4807
15024
20328
28694
9467
26419
19652
27281
27676
17233
9251
8337
6155
20220
26360
27081
15737
14512
1061
19111
7151
7009
24093
16868
1297
22706
3141
5209
18723
25447
19361
2836
19660
3613
25260
22443
11290
12856
31879
4816
3783
17182
16214
2342
4539
8611
8680
19027
27089
17347
17558
11863
9182
1175
20845
17692
9712
12418
10127
25677
21971
8620
21974
18284
2266
177
10427
30239
8411
32154
20342
25803
31356
5388
23655
868
4269
13759
9397
11908
31094
23090
17205
14010
8179
27293
17037
29220
24477
31528
12953
3136
25802
14938
11533
2047
30328
9172
3420
10267
3398
19263
24537
12715
23491
21379
19484
15605
11243
26169
32424
2179
13807
16228
21963
633
21557
8539
21957
31781
14496
17674
10284
15320
1809
6746
10894
24820
31022
27886
20569
20039
28514
16656
23544
3735
4900
31979
13119
26494
28285
12794
21257
3705
7364
6848
9759
13371
30893
8378
17244
23111
27522
32402
22287
9917
16815
21141
15265
10868
10372
13671
1400
19786
14647
10485
1562
21688
13608
29612
2710
14506
22377
15337
22816
14989
24446
30640
12795
29353
14689
1184
22428
18353
26314
31782
25100
1176
3500
6130
24974
167
20483
15015
5250
3533
20685
28887
13449
8502
2646
32302
7914
27166
22969
19181
23604
19176
25508
17818
19237
26730
13915
3318
29387
17292
19712
30256
16361
4369
22545
17240
12700
17332
28466
7702
14654
31863
4141
10908
20875
21816
3895
18137
4354
14725
23669
18928
15246
16817
17086
22504
5990
17447
931
7589
2354
4351
29868
2327
15215
3023
485
20913
21780
6084
14745
25885
886
2545
17758
3118
23401
5606
29777
23574
21928
26757
15011
18393
27255
25873
19029
26113
4230
14472
10559
16020
8985
14131
26711
13635
29542
14459
24624
25572
2366
25854
5825
31010
22256
10978
12904
28531
25707
19561
7727
12363
13730
15558
17229
30608
28725
16176
31728
2893
1101
31796
9017
7082
23751
335
26248
24348
23190
24252
15355
16089
8034
22411
8753
10127
27509
22515
3412
21077
4824
9705
9558
6626
19897
32753
14714
12284
26640
7733
3351
18228
5251
18900
24985
1233
26246
32380
25032
20234
14278
19003
21069
19320
31944
24466
11121
8650
19661
3532
41
22203
8442
5005
22096
21313
3765
32686
21555
27655
338
5192
26450
32030
14063
24591
18533
28144
1180
482
158
12661
9664
19104
21550
5801
6840
12604
13834
32061
23232
19732
10479
17036
23831
19070
12707
31442
15710
3492
15999
19096
32577
30611
10282
29811
13658
398
12199
28398
3922
8872
7570
5829
4938
13202
26278
20820
1657
17585
31107
13134
18710
6771
6574
32690
10616
17380
27610
4859
29308
32636
5990
3736
14631
25147
8486
22683
11660
29945
25446
17333
29424
15351
18220
29538
17197
23737
8894
20577
24916
22040
24932
8551
8086
32403
22639
7188
31845
15590
28026
550
6870
11998
29168
7917
6730
12907
22479
14591
4429
1271
9131
19500
12222
27894
16373
8116
19505
8638
5501
3256
24721
26009
3382
2287
14858
1561
24377
18842
24613
13996
21261
4794
30517
31088
21798
1664
8691
2633
1451
2309
9829
48
9341
3131
23044
6350
32372
22564
6429
25161
16364
9025
19832
14174
20608
3918
18488
16816
7189
24108
29442
30303
27931
29471
7265
16605
15375
29753
25449
20477
6212
8214
1691
14669
3556
11210
6665
26278
11569
15640
26811
513
5905
21733
1360
21388
13002
15851
19944
17918
28938
21426
26434
1319
16426
13756
29474
27339
5555
15104
1526
11696
12578
14747
8120
1782
31720
30401
11286
16807
10933
21241
19921
26767
1014
1674
31075
1614
28573
560
8932
11179
13344
18452
814
12331
1220
20731
14400
24803
17691
20926
17632
4490
9675
29946
13189
17362
32402
23816
24691
22776
2439
560
12072
410
25507
16665
12023
24522
30335
11652
29427
3936
12127
32058
8462
2196
10096
8003
31874
4300
8526
21337
28528
11698
32713
21917
22471
20106
6633
29320
7016
8131
4144
5923
18312
15563
1822
12667
16213
13352
27387
30031
15836
4549
8400
22797
12074
25481
18615
24317
9393
27694
30036
32443
26862
30801
31908
17130
30281
2501
17909
28455
21821
19757
14646
16956
9656
3530
13169
10390
22469
7057
9366
29434
22376
22401
14970
25971
12233
23091
15647
12943
27029
26803
54
14026
10402
11150
3554
2123
19666
23596
28351
11982
6713
23648
13091
6114
11394
27710
8612
6996
14734
29229
11994
9195
26463
2365
8806
20565
14645
18874
3378
8290
22518
1
29947
624
14803
17810
22797
21799
27945
12391
29774
12646
2725
3204
24702
4220
4780
21456
32445
8860
14842
22563
18766
27019
27017
21408
29338
27548
30132
21317
30072
4830
20636
12224
31403
3220
15307
2180
14252
15589
15639
29981
10923
6869
23241
24768
22480
2164
25343
17447
27590
31573
16975
12700
26490
2370
11693
26451
14624
11566
9103
23548
26232
22635
2127
31129
11343
9246
25040
31373
14152
14063
30308
7414
23004
13061
21229
8253
25504
16433
31811
16620
32198
1641
20438
9919
12519
11385
22421
30973
30720
12021
5390
3336
1210
9074
2006
25395
6382
15349
29483
26069
6504
7852
9944
7836
15851
26076
20313
22051
630
23579
4416
20934
15814
18623
29655
9141
284
24726
24327
16711
9536
11992
12408
21393
10438
2649
11258
30264
17296
27395
19236
22659
21396
13188
12346
29876
1759
17220
16468
20889
26330
25754
10429
606
10445
27455
21402
22693
26529
5891
4044
31960
10986
3774
28695
24766
24357
1930
9603
16461
9021
27695
22786
9408
3925
6367
18516
7657
22721
32548
10792
9671
30549
17942
7556
25179
12259
15057
10342
14776
10239
9510
2476
27738
26373
21649
25137
10680
26718
31083
31033
21276
8958
7777
8207
24755
10801
22053
30956
7392
19352
29027
9499
10710
20078
20727
7771
1382
14352
10333
16261
32533
14781
17513
16494
21618
11162
10808
10511
26535
14585
8806
32739
17485
8666
1153
14225
26245
13746
22206
8139
30788
27500
5611
23926
30958
15022
14757
11787
807
6749
18635
31293
9446
18531
4659
31708
32202
16048
23963
31481
6066
31102
10466
26187
11656
29402
17784
19153
21597
30560
27155
28345
15035
14406
3235
4993
29238
16028
6281
9052
30533
9169
21763
19927
27472
13178
4075
22460
13578
23119
24738
8758
31489
1654
5959
11575
11380
23813
11308
6423
3172
26818
17290
27518
29421
9773
6515
7043
14551
4288
27145
10517
361
5493
10734
17306
22141
3721
8955
17367
19162
11391
18741
32016
5821
28777
23548
10608
25273
7011
10118
30123
13505
14176
31372
28641
13188
7465
9283
24006
13305
7074
3726
15872
17722
9295
18546
30928
11925
8472
5322
1013
5088
22345
20796
32205
13326
31709
18795
958
30208
23804
19054
18388
14237
17602
2690
10667
4901
31042
14587
22160
3778
32203
19073
13539
27233
31082
21880
7871
32703
26287
4800
12254
26823
28852
22175
10934
24603
8540
5627
14568
4081
17625
19405
2779
17184
9841
21202
6820
11386
2689
1924
5674
14429
2498
17992
13447
7301
12747
6633
31409
6692
3799
11845
13145
9781
713
23366
7699
27661
3437
23572
6584
24115
27137
1673
19976
18801
9716
5862
6292
7723
5357
25540
16604
25584
17935
3661
14260
2895
24188
683
26092
4588
32023
23745
20015
11475
2959
1305
1580
27915
8345
6686
19188
4719
22396
31116
13475
185
16595
32292
19779
2784
20622
17828
3821
2212
27963
4854
3377
27238
1156
8360
19897
16190
18680
30620
5160
24904
32014
7681
9544
15422
28518
12929
17765
25164
3155
18364
30196
25375
10391
5110
13945
6464
26989
18700
19623
24992
28109
10413
22472
29044
7403
10438
13151
15938
15873
15422
27916
11324
15694
5092
20913
30414
16990
27558
21971
1907
31629
14339
23875
11980
17095
18371
9725
29683
32657
11749
23120
28173
27213
2009
3647
23582
5305
29679
11304
28450
23482
19472
5283
31321
9816
30892
30125
32226
5641
28659
7430
16267
3122
13640
18903
26088
10475
27890
16792
18850
9987
22549
11313
28946
14659
19681
31583
27150
19703
32522
24922
30211
21931
11384
6837
15428
1587
575
3973
30370
6894
19921
4037
19517
6475
20083
12025
20122
10379
15085
786
19701
26569
20358
19090
29144
25912
30767
15856
24300
6829
27391
4158
15120
4957
18143
25353
26280
7911
2695
12673
18999
13717
30633
30425
29489
29150
13931
5105
29450
17200
19739
14387
13459
15853
16414
20923
15238
11444
28202
18618
607
18145
31926
2588
27246
12375
26798
9576
29227
9853
3946
488
9673
32390
17377
28427
32270
22774
17434
5127
8545
11873
8932
706
15141
6518
31175
29171
23877
573
30522
25220
8208
3741
7446
13372
29768
31777
17227
28058
23413
18172
13010
15108
31359
16970
27875
26913
14972
1432
29287
24195
27591
21415
8112
22665
8018
24173
28776
28547
10813
3165
16327
9752
1959
8936
22793
2021
3268
31300
27680
7015
9007
7788
15014
11035
32130
360
4373
10723
31269
8910
24634
13996
10339
20617
2791
846
9155
25817
15337
8883
14741
9627
22585
572
3275
10443
24951
4704
11274
25159
23699
25239
19969
16085
4302
13430
10234
28776
13025
18971
4782
20383
20603
29643
29022
30351
4081
8410
3871
30914
6193
30667
26230
23679
13561
14777
1828
14668
2886
29942
3651
8114
29198
19185
25746
11840
17201
19805
14094
30675
14510
13967
24002
7956
10770
296
9439
19265
15927
8949
11279
23089
25898
28435
20487
29586
11885
25431
21083
24950
20319
25836
13207
21006
28152
12350
29579
26292
953
23
11238
13359
27875
12296
14599
6195
30696
24075
25871
2088
2335
20326
18747
15660
9915
7379
22897
24923
254
27101
19992
8782
19114
11149
24621
19681
30137
16966
2963
22074
10317
27374
19371
30215
32234
19278
1573
13830
26851
7612
6166
6859
18450
16375
14666
18878
1228
10578
10715
20579
19732
3093
24066
28894
15887
9760
7214
6070
4793
1233
16723
24281
10965
16424
8069
16864
32298
28969
10949
26517
20460
26498
26651
9394
13945
25198
21221
7148
19270
20697
11374
7984
5912
23749
27074
13869
3703
17900
13249
28178
12895
20391
11635
22169
10554
17934
29851
20548
25611
24161
4239
4070
9196
30375
17222
31590
29626
30868
28851
17344
27151
25520
4177
24652
18288
17078
23808
20291
17608
4154
14095
16255
9749
20111
27802
1922
25954
22248
23574
3514
2549
9149
9514
1540
32713
6769
23488
10350
831
6193
29021
17729
29968
17951
18605
23103
10886
30896
10083
3369
3564
7762
31296
12164
9027
339
8048
12189
17718
24830
11037
6859
11856
9735
23103
5364
8813
13865
10161
26962
19566
11021
14218
6263
9265
28782
3242
1935
28865
3451
15507
13542
15049
7548
5499
5546
17231
15289
27295
241
21150
26263
31449
19453
29572
7685
9589
31679
28350
16662
24897
12187
6833
28399
10723
10603
21339
28388
22383
5830
11912
25566
5177
32642
16457
20224
25832
32119
930
9610
30412
8582
15235
32253
10354
10715
24569
6272
117
28014
27558
18050
1686
8400
7535
30113
13071
22564
628
25034
26661
27243
23621
12962
10749
6662
14163
2085
2224
9845
17828
14989
28833
11109
20939
20854
21775
28906
24088
30271
26854
4361
17420
26035
23003
5753
26639
9449
16823
30890
21861
32104
16883
6407
22111
1167
32134
9593
23758
12853
25851
1068
20157
19084
2246
11413
2912
8011
26072
4532
15431
27660
24689
406
18135
20978
24886
7711
29179
13968
18563
21254
5143
2566
11266
27937
23870
14445
4733
14051
4516
19062
8688
15907
18518
31053
29667
10014
552
14788
1014
12480
11503
685
27838
19999
26353
21127
26319
31049
5786
14430
15898
9023
10865
25580
12666
25921
5450
260
28809
22348
23228
25137
11192
12258
16341
16026
27295
4361
29709
1832
7313
9878
18041
5867
6004
31147
15169
17082
30927
7551
5460
3098
7461
6493
10330
31586
8578
13296
1771
25884
9043
957
24830
7853
12922
26865
9892
26169
10658
21597
17142
449
24784
32703
843
22926
28219
31555
32431
4563
26974
13385
4497
26510
25675
22889
16828
21679
3906
16308
7817
16252
14978
11581
29010
14644
10847
11481
21033
4082
29077
20258
29898
14293
17884
31938
16847
20318
701
15854
4131
17177
20131
6960
4793
21632
5685
31594
20094
2076
20963
8984
11404
16109
18879
14549
31904
32524
19343
29473
31694
12175
1824
21345
13171
19373
1245
4647
17516
20771
27295
8372
29317
28117
711
25531
1076
12473
14731
2920
19080
16881
1165
11425
25948
26167
26802
32652
6096
20862
4657
26449
16634
3286
13034
10017
19672
29585
6906
26743
12681
2980
16268
30365
19645
15696
9201
21363
13675
11777
22772
2412
21954
17014
1639
24281
24929
3106
13058
20074
31690
9682
15982
26865
8980
17297
16796
1130
13025
31176
18779
23609
5008
32682
7978
1714
27060
28879
5194
25566
22980
21023
792
27004
13332
24050
31386
28743
7427
23414
18520
26231
1398
1360
21613
2954
1926
17286
989
6468
31606
15516
5417
32245
22760
509
11041
3066
14416
23453
31226
17030
2216
30429
19104
5027
19814
31919
18509
19315
30891
21242
19547
31932
13757
3392
7255
5795
14263
20606
20054
1976
24703
11859
18316
4659
21497
15205
2330
13693
19322
25857
16168
20723
15744
18945
17972
25574
11680
6899
6825
3814
14527
17783
26292
14912
12677
28393
8787
1477
24847
576
31151
26061
16356
21814
28075
4476
15147
10410
25277
9796
23067
2114
4605
9387
22450
19796
4219
10831
1194
18695
24790
3367
1449
22965
17162
15371
16824
28564
13962
2167
5366
17558
25231
15756
7053
19341
22703
10327
10470
6803
26033
30038
16153
21673
25760
1848
6824
22174
18462
10981
9836
11059
19963
19646
27599
2684
4358
4902
21308
26761
27939
577
18644
22342
27038
3323
6499
16288
7615
14157
7058
13801
17311
11708
31070
28030
27961
30242
11720
4007
4036
7600
2766
31166
22849
2100
23451
9876
1104
17560
30459
18192
7751
2731
22033
19993
29573
17957
844
29622
5636
21221
30103
29556
12846
20092
11216
2569
9714
8943
7292
30262
3606
11961
19897
242
15823
11792
10611
20676
21647
18793
25051
3185
26142
27966
31253
4311
26860
20239
18225
15897
24230
17319
32093
8188
27399
19104
7513
30097
19697
29481
22059
23573
28092
32263
12051
8469
31438
24794
3521
32725
15723
3746
27846
19955
9423
10625
22089
23368
13946
451
30459
2319
22732
1563
23885
23625
11217
2351
14560
3936
25694
87
11836
26378
23901
8098
4806
20080
21349
30491
9452
32400
32398
30026
5283
13535
32387
29437
28691
15667
19672
11336
18576
21217
10654
19146
9165
7458
13877
25906
3404
19132
12898
6146
23577
4318
4001
7059
184
4427
20157
31577
28508
27578
23453
21097
31322
32381
23393
12600
12508
6754
8366
4262
5594
11735
14917
30267
17222
11089
20443
11696
19847
12014
16677
15281
31529
10073
15154
28129
9427
1518
14333
11295
20857
14878
7235
28424
25298
31765
26514
32700
26125
10907
10915
25829
23744
16440
14313
8438
4641
9116
17002
9649
20600
22333
24270
8428
2772
19522
6837
1684
20221
23712
7758
31730
5035
12419
3110
2093
14069
4847
4925
11793
16652
31143
26463
21262
16169
17486
5041
6020
19140
30412
23435
1086
4359
29427
7557
12604
28290
30051
27861
18869
29472
22954
21720
4444
25178
27056
31470
20195
938
15443
4747
16317
22339
26446
22411
31017
767
2143
710
23148
2969
27049
27877
29789
11804
17751
21364
2599
28059
27778
29752
3915
10531
21844
29378
18148
19950
21614
15428
26671
31193
1416
23972
27722
8728
10071
32719
26940
4649
28340
32336
7734
22278
5370
19489
5401
27295
9648
6848
32055
13191
20328
30598
9054
11502
15334
21301
11027
19151
13189
10192
27931
28266
4055
12463
8000
32501
16780
26834
10577
31375
28053
17270
19307
4981
25993
21222
31095
11640
32583
20884
4084
20399
4061
16744
17911
24169
3496
5464
111
12645
7613
6457
27310
23110
4232
3028
30757
12097
4531
7997
13167
28185
3913
21344
32402
2893
7196
24285
10369
400
20836
6678
31717
13689
29608
8325
11036
16764
24290
7252
15746
15897
32222
28711
25072
23123
20707
13117
19075
22628
18325
13239
30111
17071
29210
29495
2099
27894
19836
20909
7486
5581
12110
23150
11922
15438
5267
26503
31448
32271
22491
3920
3284
4433
4783
4164
18410
12154
11823
12047
7649
966
26362
15081
20968
29241
18510
11299
27862
19160
25201
4351
18102
15640
16463
15557
18819
8087
24676
27923
20784
24586
13532
22901
19691
12150
28409
24885
1443
16036
6582
19317
11720
7887
18346
19834
7762
6815
22574
19275
25860
7003
6082
1659
2034
28250
16301
12099
8769
32442
6372
3028
15918
22357
17965
10730
4177
241
31108
20133
30755
4279
6334
6293
27071
31463
5484
2067
9445
32201
31746
25048
23876
14567
32313
8136
14329
17529
31921
25615
16979
23841
21467
8815
17881
30680
28694
29656
7566
21032
27928
18490
28787
21149
17552
27287
30030
19830
20489
2908
9130
415
8722
17649
30239
25060
31388
20111
8659
32351
23203
20818
26433
8754
31505
5007
24633
31100
10975
28263
28456
21381
22653
16796
13210
21820
19060
22948
10237
12260
19274
31740
19624
12298
19621
3519
1052
14522
17844
2167
1161
32498
20683
12595
660
6487
19533
17882
31063
14375
719
5310
13225
6511
7802
12916
31392
3454
27569
16868
3413
8089
12020
668
17895
14064
4613
6506
4035
17361
27721
18217
4898
19740
27248
475
14803
29175
22873
9208
28986
13250
6191
9734
19865
7246
30169
5738
29326
5193
32145
17278
25821
32253
30418
19427
10608
26683
7288
2329
21916
28049
20259
2124
29862
5059
18140
1393
26246
16249
2043
7314
7146
4150
8007
9574
21374
14473
26976
27941
15467
9863
26970
17050
8733
4216
29355
2170
1354
14801
10823
16884
17968
1123
8969
19849
17438
8657
6485
16926
5685
31047
4604
8784
16752
5481
24671
23047
4066
11914
22488
14926
27967
9503
11349
26466
27806
115
17990
27912
23421
17820
3514
27940
1542
15021
28868
7304
4241
27181
10532
522
2665
31432
1315
11225
7635
12101
14271
20241
332
8888
29704
1420
3603
5369
22474
7676
8167
23380
26988
12854
8722
18818
11544
30673
28070
9944
5405
32496
23815
959
20881
21340
14505
868
17210
13270
24859
28081
5551
21419
23109
7547
17594
23176
7150
7933
4353
5776
19329
4741
10213
5292
17168
10093
683
4898
2457
17229
16601
618
8328
10607
483
2109
19070
13955
519
14574
12113
1172
32374
31485
340
2875
9396
18666
2008
4115
4417
17735
13042
31596
8569
21777
7295
25924
7353
13376
6758
28275
30915
14493
17949
14885
15716
14036
7535
7053
19284
15818
8316
19416
2653
7216
4353
15456
17087
25689
14041
22819
9684
25160
19908
20339
18928
14350
104
11503
7563
5203
5269
27313
5538
14130
11469
14537
7002
14666
17156
7658
31975
18705
16548
16228
26028
21100
22484
25938
8611
17533
506
3861
12288
27068
18302
11265
26897
1610
13522
19541
15209
12418
8367
24177
17469
6096
10145
19523
18190
11718
197
3331
18568
25964
4049
32544
20651
31960
22614
7802
6184
1279
13890
27345
9486
7115
32681
4733
6821
3182
29637
13664
16538
18933
6971
21530
1373
30752
32159
16251
32712
30321
20539
7230
13313
8579
524
20212
8097
16029
18702
25662
20758
17799
5306
18751
3654
31900
2508
26705
20084
6945
27465
32247
2920
26069
5313
14868
11722
31177
27089
346
6352
14706
24301
25348
6425
4093
32604
5832
15064
32482
5252
5895
19252
10684
21096
11080
2287
21592
11631
30436
18502
1804
15719
24578
3609
19786
20937
25286
26188
17012
6975
9414
31085
24818
3683
23742
9623
18307
25546
25220
7830
26832
22849
31550
22859
22855
6230
13778
18002
12070
26139
27550
8163
10454
38
14698
20214
3451
19164
1178
11179
31689
13552
24744
7400
6937
29734
26834
23364
25276
32605
25104
23332
27535
27084
14665
8739
32719
908
12742
3000
23855
25430
22503
16659
23848
15759
3093
26695
30609
11393
14839
20142
21359
19948
4073
4745
23054
22973
19114
4072
81
5661
26964
5322
14918
19629
23954
8324
19709
9488
3085
12903
29339
2219
12583
27549
1194
29608
32236
2132
8371
22337
325
29727
31503
28987
12655
32152
21498
15536
10668
27979
17129
24594
28729
975
19486
15469
22655
9014
29817
492
21901
10152
18321
28063
20678
13130
1027
5243
22743
29028
25098
24483
15597
5316
10320
7654
26660
5469
772
20104
4418
28980
20781
2373
4773
29821
23614
10131
32378
19712
11754
4904
17200
27842
30777
23996
29740
32738
17372
1552
2751
31169
22718
3631
13141
32101
5339
18163
31471
9504
9557
29900
28883
28012
21956
12733
4225
18202
27086
12455
2026
5292
13561
17866
11741
5887
25788
22665
15554
3373
12508
8813
9610
2993
26102
24429
3814
20172
32343
21357
21687
3112
15636
18692
7110
1980
32600
28034
19894
28655
14328
11826
4407
17664
18765
31452
4732
20389
12610
4494
12270
27378
15276
14236
24354
9597
11994
998
24072
32192
9837
7769
1126
15806
4202
6329
18821
14826
142
17565
21035
30532
19938
10939
6856
31941
11919
1893
4596
21501
17906
28756
14105
31995
22771
1957
4461
22893
7315
24609
4900
21256
21189
30401
15587
16682
10623
25969
5495
20926
4112
13077
18887
31073
30388
25802
2311
11970
11366
13422
28975
30031
20213
4194
8108
31502
346
18574
14933
19912
23625
3238
1184
27501
19718
8108
21782
12724
22138
25783
32516
28930
26758
10482
1140
9869
16791
20199
9307
8641
3707
16126
6420
6371
15475
16704
6925
28916
12681
9313
31681
15576
24355
22014
27878
14263
25305
20515
18407
16036
10628
16
27028
3452
18583
2621
30233
17169
435
3995
6444
28808
9333
22557
5771
14336
17043
1655
16038
15989
27175
14630
7064
29923
23114
15536
27228
31918
26085
13101
13374
11073
30916
21766
7311
28917
29420
12029
13981
10037
20015
365
30691
2529
16893
9427
6780
24559
22909
6030
990
5976
12252
6371
964
22578
18150
30020
32620
21273
11219
26578
23811
20180
24163
13600
17246
14646
11821
25402
490
16193
563
13030
13542
12434
16059
15913
31183
12793
15706
24589
18460
871
2898
18850
16940
23821
25118
26691
4733
10178
3658
282
10526
5285
14472
9703
28007
22532
17665
26364
14311
2941
15593
26252
10398
31587
30294
12582
11628
25444
28242
32637
19658
24168
2350
17770
2232
3515
11546
12852
28150
15215
27379
1550
9079
31740
10588
24801
3603
4906
1552
28236
23676
8241
24951
4842
3955
21790
18551
32467
21052
15736
12428
18789
14159
22564
14875
31300
11600
2182
27907
9119
16449
8937
9078
29109
31479
6177
5895
21400
31946
1134
17411
8497
6033
9636
5893
25221
2510
31881
6341
7222
10533
7551
3121
17741
4371
29795
12991
18998
10716
32692
11009
16652
7109
18168
7546
13080
644
4187
11184
8084
29941
6554
21890
7092
13582
22559
18620
13287
7189
1134
20201
29274
5904
29887
19816
11965
18302
2796
3010
2891
7236
14734
13371
17156
30442
25699
17063
11581
12551
8180
21887
6747
5626
5236
5428
28124
9435
2026
9667
6551
11954
21395
22154
24132
9446
18561
1114
30014
11256
18313
25037
1928
18032
4188
6618
5646
11288
3060
166
14126
8553
5682
18077
19831
25411
2757
25026
7089
31457
6477
8515
23069
3595
9408
8017
12542
32653
12813
1326
15447
29673
10752
21896
31991
3657
29286
12549
23219
31159
8817
18719
7155
4752
22110
30002
30320
17462
26196
7635
7483
28422
1168
29284
28674
27274
1727
7397
12175
30703
24235
26637
23441
14521
1562
2970
7583
32181
25075
4837
25978
559
24739
4537
6802
26470
22463
7013
1740
1085
25835
12304
24195
23859
22010
5197
2509
22677
23639
18160
4863
755
4003
2335
24179
30672
927
11436
3976
17053
30029
7330
16107
19433
21330
21533
26133
9938
9631
14175
9237
21183
6224
801
16272
17745
11732
17959
2566
20630
23631
6423
2134
14720
6716
2187
1157
4758
7767
25957
27835
12010
22202
28515
9102
16715
23366
3571
9603
31675
24388
2888
10194
17188
26188
1453
5226
19270
16486
2841
1845
12020
4464
4868
12445
22656
26560
19066
16719
20084
9738
26222
17215
14466
17539
28752
1004
12478
11590
16610
29669
13579
14327
7495
8076
19667
2215
10844
9498
14076
22008
10828
19427
13335
23170
14431
8412
16602
30069
30483
15450
21712
15999
25710
5404
31055
4336
18578
1164
19627
21020
29330
24642
17833
30464
14212
19658
19254
3369
26584
11687
29785
19154
12008
22167
1127
27213
4303
25113
30582
21668
31359
20781
13075
24447
6158
22619
12088
8776
25937
32246
11128
9870
11436
28066
17533
30631
26664
9492
32180
21914
14534
24089
4935
3900
26644
23002
10316
18328
10237
29022
9532
10900
1253
3920
23206
21714
15862
30467
15396
29397
30644
31923
18319
23397
31960
4878
27759
10548
347
20978
1973
6081
7121
23161
18349
10109
26872
15411
3118
19757
3473
16306
5908
12431
2670
14924
8431
15936
5837
20252
9725
4317
29924
16714
32598
30056
29885
15244
7271
3822
6468
12525
28833
23911
5023
15054
26994
11230
2237
6186
117
10706
21810
12830
15846
13275
17218
18856
16216
3985
26427
12975
5802
7849
5641
16451
5431
19809
10756
17959
22349
16415
2572
21388
9185
1108
9944
2848
29824
18599
25227
15431
14729
24656
5768
8616
11930
5569
11144
26860
21320
4236
30698
26562
23571
21121
22602
8743
12184
4118
13908
1508
17417
26637
29146
32600
28891
15952
24613
19319
2238
15904
21897
11027
20434
18286
27964
23387
8728
19337
873
30625
24103
23802
5503
10336
26656
30380
31951
17277
22755
15953
14166
16845
11651
17920
13015
11736
2808
4387
20014
28636
27156
24720
1248
6933
16313
2550
30966
8252
30024
24187
20236
2382
17756
25763
4261
8846
20665
26996
2241
13517
32639
11480
20146
13545
676
11586
29483
3220
2464
22164
922
24662
106
6209
22455
30421
27044
9902
23901
9557
10514
27615
22170
25979
21073
27471
15874
30806
20422
7455
17736
15008
30164
1139
8719
3648
22098
1306
7421
32020
26684
15469
5905
30958
22440
24953
31031
23772
4604
28768
16922
5037
25183
9468
9786
1968
12909
2246
30270
16319
17199
6134
16267
19836
29258
16876
23317
28891
24438
18639
24181
5345
1586
17524
9021
2475
8119
19585
22664
8113
24874
3538
21205
2124
27157
20251
3605
8054
30488
10447
5634
721
11484
29761
18611
6636
3913
13834
10093
29633
30969
1962
10685
7554
9964
17522
18115
22165
11389
32161
10449
17885
25492
31181
16181
5179
11550
17284
8786
4180
5562
2868
32246
16277
12981
24648
30183
117
19257
1428
14527
8698
8641
25843
13562
5247
29136
26158
9294
6068
30179
11552
24891
2534
2468
792
15074
15489
15456
28543
15130
29139
26555
17339
4801
26642
7843
7762
8272
5537
2178
10579
17586
31375
31928
6130
31319
11105
29256
10098
25220
30993
6097
10056
15597
23126
10177
19581
32133
31270
19653
21588
29845
3961
10884
14893
15627
25169
24204
1193
25877
8695
3468
28175
1263
28807
20677
27630
14330
18350
6075
23044
11277
6835
21040
19551
15119
22964
30290
19650
17094
14899
14132
1866
12010
26833
32635
10833
27006
2136
1114
32147
9568
8703
1216
29839
14110
27370
2255
16433
28683
753
13713
9133
12178
4258
2278
4270
7883
24201
4545
20144
19020
23983
30868
12714
3650
12640
27657
9201
2240
10289
17907
1881
1622
17986
31876
12701
7398
17601
13248
2049
26803
10927
817
32309
8123
25319
17373
31869
28487
29532
31349
28943
22464
14754
12751
4284
31428
20656
22934
2771
3961
996
32065
13379
28961
29511
26433
28159
31727
19731
1151
19111
11289
16498
7173
14180
13103
3465
12027
11284
30635
22197
5334
9895
13001
5908
10188
30152
8345
25160
5515
5824
30290
20855
10282
10904
4841
16790
7008
18046
7650
18152
20980
9067
2151
31169
32628
28930
9367
144
6698
20410
18208
31516
10572
13887
10000
13070
17267
17942
28648
13744
20814
21376
14834
15092
26776
9378
23765
32184
21319
11234
20583
26952
5895
16788
4034
16421
4326
8406
12954
8197
31057
11192
12494
1818
25663
15009
1084
16023
4524
31470
7386
20081
8777
8411
23299
24162
1138
28839
1038
10292
11616
25331
25893
24380
29344
26732
6228
12581
6083
4265
8161
17391
25688
6230
19420
21814
22039
8851
7670
24248
17247
8599
8087
25618
483
12953
24106
19914
26016
28912
444
30098
11282
1145
12741
18379
10151
28473
15429
7753
16244
24131
13075
14422
5926
476
29554
29689
29500
12510
19430
11384
11636
23386
13382
25115
19843
4225
19473
3891
6665
7109
4869
20059
13764
32059
4078
13822
7428
16708
22973
3353
5983
31596
14041
15682
29093
26770
18106
9706
5143
31818
27059
13535
18643
23935
23311
26644
18067
5725
12640
7333
21399
31597
14612
20246
5344
3586
23881
12508
23967
24021
4835
14110
4845
11756
31195
1724
30652
24768
10457
24977
29966
28574
22278
30965
12901
29006
22555
18822
4730
29683
7871
25641
26673
11826
14607
18507
30669
19350
31614
13165
6240
22579
19935
2527
2438
3978
20160
15563
20819
4781
16634
20854
13962
18852
30598
28099
11024
29710
13202
3577
15008
11531
10452
18373
20927
26202
7199
16003
28915
7871
20532
11449
8240
22440
13530
9956
13971
3599
3121
31608
19027
15010
31299
21538
23796
7458
13020
31824
6077
22281
14748
28915
11373
6511
26698
7555
11818
27182
12139
27204
30394
17477
17683
32713
27637
6010
13820
25526
14714
27460
3285
21194
21154
10471
988
31772
20658
20705
29871
420
341
8069
31327
25086
14665
25830
31175
12139
16216
5110
1052
14361
25482
19695
18373
932
5785
26354
876
18908
5541
15598
12117
18121
32297
16836
20718
4076
24110
8105
11432
20168
5310
26315
18950
1185
5788
3895
32243
15236
27442
20986
28505
18567
30155
7558
18927
850
24322
10584
4947
5854
12922
27864
22104
20349
1232
32129
6305
2587
13774
6209
20079
10435
8930
23075
16567
12389
24014
27691
6520
29654
15264
9857
2635
28696
20453
28371
16700
15836
10266
22004
8152
15429
23395
14537
26759
22767
17024
26725
22044
6448
27644
7539
20907
18589
8359
15060
15002
28880
3143
9098
29947
32361
24203
10197
12825
14163
30784
19867
10065
26185
30919
30733
10020
24472
16327
12936
20618
17190
14111
8889
18568
8115
31007
26117
12804
23391
9975
24104
22489
1388
879
12572
15655
30022
9689
60
2028
23232
22852
6825
31193
9121
31731
12013
27486
23135
29454
16350
32008
25130
1686
24773
29452
13356
14750
31936
28452
528
29369
11621
31897
25025
2223
25768
8865
26228
1908
28159
28908
19176
16730
2756
14970
4332
133
11738
29359
14883
27807
6803
24745
32260
30926
27345
7377
8484
28131
16492
3248
20920
25813
9684
20741
11605
17773
25080
23060
21499
7490
17254
5696
11346
25320
9907
28380
15667
31077
15389
1855
16490
2020
20591
29206
21179
31150
7461
20735
25891
14933
25553
4691
21343
562
22717
16706
17331
18194
8402
7206
13284
9517
26296
25873
22406
21592
19263
8360
11134
32123
13566
14133
25279
1092
17210
11255
4183
6429
26633
24253
12975
10076
28086
2995
1038
29626
27496
32123
13408
32519
27903
9599
28726
284
21055
3718
22797
4112
10544
23942
21203
18351
1988
21689
19111
1319
10427
3315
23265
2821
20420
22835
28754
8544
14565
2168
21709
1620
5916
31190
17125
17075
26183
14024
26361
14070
5185
1992
29038
29818
17742
14109
7740
14057
14265
30197
21932
4597
2747
6067
19040
10061
27807
6026
14483
30921
29732
7243
10914
10984
10531
28283
26315
19325
113
5289
27189
28837
20231
2558
5425
17404
30816
17174
27840
19985
23587
29966
5461
5655
18178
21215
27356
27101
27362
13546
23034
25088
8764
24276
24215
30303
707
22419
19354
14031
839
1993
16371
31760
14553
4689
27871
9472
28464
6936
4455
13327
8267
28719
20266
24819
3928
18718
15453
29341
2773
4218
22288
30059
6645
27578
15795
8607
6469
30022
20696
1552
2703
23761
8763
19231
7166
25065
21759
8685
10884
23756
21306
13259
17273
18814
31924
9714
27013
2328
13036
1397
8383
19811
26204
12147
1558
25253
2302
2449
30193
19387
2575
7847
1554
25704
16147
29626
22208
32237
24089
10539
32549
10714
27968
15405
6389
10019
19322
31868
12112
9590
13968
2637
5354
21196
29287
28800
25961
26431
30081
12061
13838
8987
16070
18942
14744
29495
14469
12233
23397
12166
19638
3362
5595
10217
3714
24606
2054
29511
7429
24570
3714
13536
9042
3341
25500
19422
6583
31995
2740
8493
11331
14124
2790
1933
27270
13692
15593
25062
9368
23860
12342
987
6493
1082
27501
161
23046
22148
3061
23570
1755
12242
2275
20989
18744
15773
7454
10177
11990
32074
7360
15386
19020
27300
14783
18746
15574
29321
31692
3356
3412
32227
28539
19477
28822
10459
20645
25004
26326
31305
13323
21419
21126
12142
29755
7030
27725
28645
26040
6556
14412
32215
5717
26540
24741
13935
7138
31818
6462
30349
13834
21889
28866
14271
18300
7515
13033
31085
27209
31919
16378
19027
9101
4155
32142
1588
31314
13298
17558
7117
30129
6295
28831
28425
17978
22411
29781
11123
7831
30948
5958
6896
32619
8126
16617
21678
31360
20694
29919
22616
12578
1877
25720
27020
4550
3049
14713
16270
6384
16922
32285
23870
6483
24540
18009
9543
20281
17248
32356
32410
17189
23344
631
7451
16311
21627
25554
17049
24273
941
32511
3076
29176
15171
18266
7898
18941
1246
27601
19171
8668
28822
14569
29726
12516
28304
23553
22779
10264
26323
27611
2250
7894
855
23128
7796
12982
24671
13187
4969
24245
5897
19921
16089
19859
22052
20392
21799
11129
32065
11805
31643
15071
28173
2306
17495
12461
2014
2080
9868
7072
395
7617
18157
23280
5505
21106
9316
26672
13331
32262
32004
30837
12306
4574
32576
14522
6558
22632
7002
10627
15163
19942
2334
24001
27944
30321
21967
8438
13036
21821
3682
18585
22321
26910
23018
13500
31189
21067
6228
17388
17471
1379
22868
15961
14319
12205
16287
31799
19289
12452
9307
19299
18676
19635
3795
22602
9358
32061
21616
7687
15074
480
29925
8651
12140
5883
1705
32130
23676
30061
18346
32179
2442
32672
9792
22184
23497
16327
22111
13520
13566
7011
18194
11361
29843
24588
3108
19521
20199
3438
4128
22567
12009
146
8829
28158
21989
25695
13842
6794
11678
2912
25552
8525
156
5831
1455
31660
3271
3762
32233
21326
9269
20398
32359
31685
20545
29049
25720
12144
10973
2829
31945
5023
25129
30681
17298
18425
6724
594
29965
1307
8545
6058
556
3714
10782
26847
15755
31659
18
7416
21668
7288
27301
30860
26946
31958
12837
7811
24376
19357
31510
20000
12882
10424
27593
16960
26764
7813
20528
5596
29826
19070
12272
20949
7208
31002
2744
2033
14267
14574
11985
7968
23799
10520
24055
13573
19083
1757
13416
14513
10186
16017
1594
8882
27811
951
9969
28236
1491
13418
20305
14342
2393
3068
5489
9577
3882
26844
11025
31236
551
10685
22061
32179
32076
26100
22483
6177
2346
1314
13617
17804
19863
31252
5874
18632
2980
9447
13003
16007
29647
8304
29520
30167
11386
32475
21005
12780
7324
14737
6098
14624
20151
22624
30542
21816
10
5078
13791
10473
12295
30445
22185
32411
17415
17390
31718
29804
4925
8335
29308
10616
28392
19806
7125
20568
31437
27747
10731
19176
27109
6913
24994
13133
29523
25374
22363
30263
5016
18308
22982
25188
28170
28550
32503
20838
25219
13798
1981
19877
11094
7926
3375
22951
6023
31230
11399
15503
13627
12766
9524
30692
109
4340
7466
19092
27107
31808
32637
25913
19040
27078
10542
13210
5660
5684
22597
24437
25713
15813
4383
28796
8151
23653
28170
11677
29202
14614
3343
9094
16554
16530
4111
29801
19868
29490
25362
21756
20559
27150
15579
23237
6857
14182
3520
32660
7971
9793
20664
32337
26938
7507
29366
27895
24744
10532
17461
14305
26355
29039
10516
25157
9731
7624
31397
12286
8922
28034
20481
7310
26751
1744
8350
17251
24379
16682
29987
7513
9224
28403
6778
14209
29767
27224
2855
18209
433
27003
729
16123
17040
24017
28735
18898
4655
25288
14621
20011
13711
32686
1183
24401
6235
16590
32749
16283
22046
27612
20735
22513
25524
21395
11187
18573
27903
3740
15645
30463
15067
5554
24862
15732
13651
3332
22072
7991
22037
15578
25504
9848
7971
32124
9621
20301
27084
6736
29681
9206
8667
28738
5886
28261
16654
19304
16010
8958
7881
18406
28478
26779
26636
14864
23083
25043
21411
25039
21158
7036
26268
27974
22102
17518
23806
3765
23435
4746
2744
10653
22993
30971
18648
23333
16582
5052
17149
25020
20776
27738
14607
10240
3122
31740
2349
30430
11561
3744
5607
4859
24882
27559
23726
18771
12646
26516
20616
12065
21288
17169
19721
6398
21174
31539
13694
3404
19455
28414
5227
13781
9653
32300
20280
5296
674
1322
16935
101
23871
23140
22665
11088
387
12482
30002
14923
22777
882
16170
11911
15637
28393
9893
9915
17352
6948
13877
15233
14930
6964
1087
31484
16984
26105
22700
18367
17718
19502
23264
7914
12694
4005
23536
2454
14146
32724
4367
15732
30006
16273
21066
12464
19962
6170
12662
9500
22062
32088
32102
28298
4454
10085
1377
30841
28985
25931
12498
20213
19093
3343
16194
11960
13653
11502
17540
24725
2582
25062
13615
25623
29254
30584
5970
11621
15997
13485
11106
31336
30481
31319
8567
816
23269
5785
11960
2452
16513
29097
5908
3097
3432
30677
32564
8214
14245
25796
6829
14101
1448
21503
2681
21371
80
15023
32680
28780
19273
11945
30291
8425
22424
7847
7378
10811
9332
24536
15150
7573
600
13468
11993
13557
3158
12424
20125
30539
19374
7601
19155
26589
14751
18215
24021
17642
4989
19647
24758
6541
13572
25622
6192
9957
27884
10962
19933
26739
32701
28203
2474
14275
19685
2987
32650
21327
18952
20273
1383
19616
18583
29244
9566
8630
14756
8294
8235
1450
25589
9519
29666
7314
16471
9980
15073
11941
28724
4960
30466
5792
616
8345
7445
28520
31313
2142
29837
17648
19749
24536
8057
19549
18825
12526
24246
26472
7519
14533
26211
30468
28127
28551
22166
16705
13801
15716
11341
28273
24217
215
16040
24969
17949
18987
7253
28618
10435
28733
23883
15264
8278
25219
15547
14026
11691
23629
3907
4027
119
23883
26982
3648
29027
2896
2617
9060
25187
24917
24158
12433
31043
20417
12086
18935
26755
12776
21075
30769
14948
15569
27948
15654
21059
19260
8469
24622
6182
10979
13166
17783
661
20225
1562
21670
29355
3089
29747
12993
5740
16600
26363
21324
17753
4261
14102
9394
2882
4824
11767
23527
21852
7073
15257
9036
30099
522
13423
12499
28705
1848
11165
1891
18272
17133
15720
26494
14812
14674
24043
13089
9901
32244
12
18667
3076
2060
10415
6786
21507
7171
16938
563
25554
28213
17400
7128
8431
25334
689
9471
24773
4050
15417
10312
30337
25113
13368
30735
21281
3740
29899
15435
27597
11953
1914
6070
23147
11901
14953
10287
27758
28786
17874
26204
5102
18966
26034
10387
28414
15878
15299
19707
22842
5947
3499
20206
15263
18829
13171
19362
3744
15221
19002
14857
17013
23831
32555
23029
439
12416
1708
7808
554
10028
5080
6059
22490
30923
25648
8005
32361
22340
13197
19727
3239
9211
11354
30237
18019
2640
10239
15231
129
9064
21408
27681
2893
1839
3336
15856
5903
28317
3040
8766
18144
19257
11045
14696
26043
30684
26329
10678
29143
26296
25080
23938
29236
28824
2221
27805
19060
10601
8902
13550
237
24058
27238
26204
11004
7936
31481
1519
29596
32093
11373
11313
28727
23458
11936
731
14268
30930
30996
17837
28657
6249
25322
19102
17675
27548
30478
21813
32636
8163
22703
14647
11276
14005
19442
4226
2603
2706
14055
2105
13445
9543
11964
2337
14296
19310
25904
16203
3074
24884
2635
17652
9055
3167
30284
29865
1105
14223
12260
9903
8480
23235
8865
23969
25093
11552
6573
9819
5505
9198
21176
12055
15091
25316
15667
22998
23402
421
14783
19970
25784
19082
28133
19793
15048
22178
7
20460
29489
10999
20374
11217
28426
15123
32134
19317
18177
29891
22783
14254
15783
14619
1110
30929
11278
26298
26171
4887
7318
22864
15156
8774
2052
605
23370
22669
26836
32571
2049
25775
6353
20574
22158
868
11490
5595
2629
16380
17191
29991
29521
10309
30532
3105
9639
30639
28925
5459
7229
32174
16644
8565
7286
17248
14
2611
28129
13424
25644
561
14884
20282
16473
26187
10547
8239
8783
13345
3526
3195
672
18899
13833
12262
15105
21257
13461
20984
14057
1847
13727
13921
4699
7455
13423
19608
6911
6039
9492
705
26488
20364
26199
16340
30962
24391
4077
18684
6906
21231
28913
5693
30099
16975
21137
23130
1414
14298
21255
16886
28409
2284
27851
11769
24131
851
32262
27957
27391
5134
25674
14666
12639
19284
129
31430
5572
25049
14116
6289
26251
9036
16558
22153
20521
25124
24143
1897
22394
22684
18148
5615
20054
6908
24615
10558
30310
32539
6179
26753
17973
7458
29420
8657
1162
19858
8332
22617
11766
18569
12096
32183
22697
19009
11749
23206
2697
24793
21165
27354
13702
18264
31254
12332
20007
29167
4637
16631
12393
12158
17838
5570
18122
1114
31840
23071
10145
8782
607
17618
7344
8671
27817
15158
18684
24788
3454
17373
24797
10742
3345
3191
10321
2581
31364
1781
11157
30283
26899
25070
26103
10117
28048
24641
19174
20286
4111
21500
25931
2446
1506
16508
284
12388
18376
26582
4909
29711
22625
18294
21322
23812
20197
18438
15492
6875
31254
9362
26568
17562
12147
19689
29878
28214
6831
18246
29871
14167
8545
21807
3120
14172
12029
24478
15967
27295
32003
28255
5860
1274
11126
11961
9722
19850
15760
19792
710
26546
20148
10058
18407
11619
5028
5809
15950
32411
31732
24088
10832
10796
1983
30594
28409
21439
9624
19071
31652
31512
11459
3480
14280
2204
18342
22253
24853
784
25210
8221
4032
21155
29254
16742
21787
13615
10254
10254
10344
18364
25671
19457
5615
18758
32399
10427
25678
31424
13723
15720
9233
16472
23409
22602
23938
26621
4567
12636
20674
14622
11019
6197
31769
12725
692
14638
23691
5253
25369
15815
7340
11423
19089
19527
9653
27179
9530
10915
18134
15461
20206
2209
26318
19686
29043
13629
29626
37
4850
17228
1322
24381
26795
24927
25722
20209
16870
26858
28512
14317
7981
26790
2241
1102
18872
11827
3017
5733
32553
4866
30010
7352
1402
4210
14084
26442
15155
24377
27159
8733
30688
9734
21109
6388
20674
31589
27019
26717
5573
16098
25281
16367
6834
3441
24144
6609
8358
21773
15955
2940
29635
19360
21026
5057
4389
19747
19419
2573
26903
25862
13377
4844
4487
1746
20682
15820
31928
14861
12275
12292
2103
15710
20439
276
30736
25841
4864
11310
12865
14365
30589
15094
20079
4676
17460
3463
19928
19195
8314
25526
3977
10603
18913
2970
21713
9975
23633
22860
27125
17696
24667
19435
18213
31397
5065
995
15791
31726
8314
28271
1395
25258
13677
19037
16023
30904
13851
27154
15228
10819
29706
22221
9968
25394
9887
14640
23205
23487
5428
11004
31201
6245
10090
22044
9336
8448
20416
1253
22008
13104
1125
1948
17699
29694
14923
4920
22434
25794
5757
32106
32247
8004
18866
31195
2996
7457
18978
15541
24554
3696
24472
9828
29157
934
13769
23710
5654
28343
26852
29856
3921
16254
16490
4795
16441
8031
3136
8976
4344
4139
22531
3992
23859
29251
26779
5991
32316
13825
14355
11057
17802
15443
25511
29453
31591
10921
16415
24953
13801
13842
2140
30622
7203
10657
23089
7894
27036
11286
30068
15212
17921
2234
29012
23715
17686
32651
23532
11769
8946
24729
30745
3500
4204
30384
3465
27774
9169
1335
32533
23221
16856
23896
6993
26215
4823
20066
23393
12020
22582
30059
1038
20948
13860
12345
23833
5267
17802
14179
29390
28697
573
9139
5597
24879
27000
25295
3430
8767
23689
24344
12115
12891
7114
24275
21226
19841
28115
24199
20898
14878
18158
27301
2614
4048
1228
15470
6649
23408
4726
7698
16489
17488
2181
23061
8454
5825
7574
14839
22373
22489
31481
22548
4480
18035
18857
18633
9296
28022
2945
24280
20126
11099
5292
3854
7702
21225
14686
14115
10909
18755
961
19425
7140
17701
1587
12936
11581
4971
7598
18802
9134
1235
14471
25587
27204
26883
30044
15747
18602
15054
11848
10271
26618
25011
17496
31212
6611
11430
16195
32286
5548
27156
5461
27928
8296
16673
12205
12244
21034
12340
32424
29318
28266
21685
12957
19068
585
24597
27851
29513
15649
24079
31887
26402
14177
12334
31963
22152
7064
25232
26083
17192
26063
15849
26393
16895
11548
15050
7516
10433
11124
14884
31084
10876
30657
9992
27298
10104
9780
26032
8670
13411
17117
13251
192
7338
23161
24021
2331
25642
1419
28205
24742
3080
10670
14540
15605
7901
25897
26795
19368
18455
22724
29251
27363
31388
17370
3922
17918
27312
9904
10205
10877
24344
24325
19569
10562
7551
29418
9647
22529
30234
32212
32008
18165
12936
29680
17092
32465
27644
12214
13641
6906
3229
32193
3482
21491
45
6878
21790
3608
22505
22627
18595
16528
26033
23234
27810
18557
4713
9821
14020
31861
29599
28316
28838
5174
25710
23357
14297
14485
9634
14316
16174
20408
18716
16916
13616
22917
27769
2292
29681
28762
1774
5109
24074
16895
20086
17211
3293
5337
30768
7802
13341
11616
22530
1547
24209
10195
9091
31295
26644
6698
23576
27891
22753
4684
9309
20836
1549
17538
1222
24133
6997
32299
25478
13839
29210
12466
13231
27033
22954
10430
8091
2280
13505
17832
12940
13896
4176
17714
17807
28571
6012
30582
13222
498
2282
28444
6437
23386
4410
464
8797
12025
11985
11507
11640
8025
732
12945
17316
25347
13201
660
11636
5968
17336
17463
9858
13692
875
5053
29786
24060
32282
18530
25747
28177
2514
22162
30271
5022
23486
8793
12934
21303
17902
22043
30861
13434
599
4485
16541
2210
12059
1219
6785
32601
24587
19443
27439
32206
26986
7898
11691
27656
18420
10454
15145
27770
18975
7444
24178
12759
24225
23299
13960
26407
11314
14089
11405
24091
22163
15220
225
30621
5327
30131
13195
31404
31937
9158
19418
19815
10198
22003
17227
17511
5397
22715
6062
31826
27740
31500
18565
29101
1772
1208
17325
19186
24871
28966
1344
2275
22937
16968
28345
4381
24886
32716
6489
18160
226
13975
10186
9838
22583
3183
23299
5570
31106
15351
28267
24772
18190
3297
32577
4810
13734
7263
827
8896
6229
2522
4717
9595
22896
23527
2157
31306
17622
12663
16565
9678
18295
4941
29256
20236
18451
31158
28313
4801
32068
23156
18344
8437
25791
21243
8558
22739
16343
17120
12923
22200
14659
27278
14302
10378
6176
25147
24645
7243
9274
32026
29285
23790
8071
27858
12956
20841
30964
14640
19413
29195
7268
24600
16301
2064
1014
12738
8660
2931
28295
15651
8885
4867
24441
24744
11609
2745
19378
21290
7304
9289
6119
14623
19250
13815
19482
6669
1038
31660
8289
19013
5249
28233
18154
7373
1729
9531
5948
29086
18234
30288
32447
29711
14641
18376
23167
7570
32423
18608
7725
20638
30592
875
27751
8172
15332
32402
1080
5606
5606
24574
10211
4189
15971
17954
24796
1146
24877
19358
17688
16119
11369
26898
8582
29838
28470
10544
11742
14002
2960
25366
11673
8318
16243
28378
8768
20459
2371
2150
29418
32581
11115
21638
11521
21216
4933
15423
16964
12039
10042
4707
26642
10805
16426
14178
31717
28552
21005
12131
4381
9586
2011
24211
3071
11442
22186
24509
28157
19330
19478
10524
14135
6418
7142
29549
323
15670
12525
5959
14121
22619
17709
21679
3762
10176
17731
14568
9955
14819
767
5768
28612
18233
31570
17361
16230
801
13165
4925
14371
31003
28967
14939
25640
18997
21151
6874
10801
24263
2339
8675
32660
24672
15185
12717
31617
4096
21116
18763
12168
19592
14162
24264
26971
23918
16827
8053
16854
21941
24580
2690
7484
8989
14652
6604
196
7575
20190
27894
24916
11003
25009
10939
20364
19197
7661
3202
9478
8030
21151
18483
5852
17503
14414
19530
20843
3451
2783
554
343
31317
31414
2739
28112
30704
14622
10518
2067
16926
9195
20456
5171
31035
21598
1142
20249
16410
5448
3161
13769
30272
1138
6474
20968
25168
25405
26423
12155
24775
23174
150
24562
27369
13772
7417
11877
2556
22933
19938
26909
2739
30989
28121
25686
1261
20209
1469
6723
2976
23979
7256
3155
6415
31423
9269
18867
2884
10597
31670
16148
17594
2167
13153
13230
17754
22414
3707
6021
20392
22377
29144
1771
28223
2446
13553
10054
28027
4915
2359
16659
7541
18270
27559
15147
28724
7244
21663
23365
18465
4112
6640
28605
2748
16508
14132
18068
19342
14916
28770
5559
9054
17249
671
14468
1960
9396
22359
26250
13899
14060
28045
18320
2434
13993
28015
2265
18453
9185
6702
22439
17873
12420
5644
25854
26677
603
11447
22186
25454
19510
6101
18820
17286
582
29152
18672
5592
11720
19252
24490
18119
9187
5478
9667
1967
9172
22744
28646
20764
8264
26762
992
21818
14345
2099
30303
30349
8669
14481
5626
5858
4012
7677
1906
21126
19680
13634
30520
31669
7185
19119
1071
27221
6114
26475
18354
29669
6950
10505
7897
8112
29768
14172
6392
27462
26601
19597
12137
13100
18122
874
10892
5075
6893
24577
22539
22215
12279
18030
30307
16425
31449
21489
31136
20575
9391
20036
3431
19978
15592
7467
30778
11320
22184
588
17400
8412
5482
833
20387
32635
27882
14828
11878
11303
6210
32522
30679
15025
3155
8971
28025
3611
26982
10530
6533
3148
12307
14488
19178
14855
15715
14437
4754
21278
21041
18689
9703
13027
10710
4216
19094
8416
25605
3261
12178
21960
17907
24640
22365
19629
5819
19650
30595
13426
6914
20584
29031
5508
29654
6415
18497
32709
25820
16864
14440
21705
17835
3876
21453
581
8819
7257
18376
16580
20450
12421
12312
10908
30280
11466
6949
16161
22521
18747
9095
9752
22259
5102
17100
18287
32192
26194
16758
2859
3998
17603
26692
21921
25566
23644
22195
5097
4234
4877
8899
27792
10314
24045
9726
26765
3976
20945
7095
10358
11475
8733
29840
31220
30849
474
831
24949
12185
6921
26257
27680
11760
4151
21678
24078
13201
15442
11168
4279
6498
9403
27407
5546
14597
20892
31566
29058
3069
124
26012
789
17938
25873
24995
27374
28406
27733
23621
1790
16168
13788
23448
22158
17433
14180
25647
23160
3982
16046
17308
17815
30277
17804
25650
4476
8667
19516
3600
19298
31213
11764
14683
11620
10366
9150
21962
22510
15768
27014
11112
16242
13878
14705
14485
8796
27234
4465
12622
6983
9883
30487
943
9073
29817
11688
1462
6508
22164
4722
12362
8215
31649
4960
2940
27085
11486
29645
12300
17372
31665
21398
559
30265
29323
11379
2447
19314
19731
14727
2708
21731
31617
32053
17634
16173
30023
22838
31523
19172
7927
27880
10246
15752
18273
11753
1159
24247
32763
28389
17266
21920
21639
18604
9762
31419
9711
6536
20111
29112
11380
3789
29320
8117
25863
27825
21564
20915
28151
2142
9215
10059
5837
10310
12107
5533
10101
16055
261
5770
8862
12975
22274
22563
1890
10993
4298
96
22058
3928
31644
22806
23756
13420
8114
30755
3575
25907
29381
14315
26577
16202
5076
5129
11742
5427
29730
15934
31268
19185
4478
32685
27021
24786
9670
14923
26508
8333
28590
7825
23811
8332
30910
26996
18021
4491
31898
16022
29976
2658
21894
29374
29
17951
4649
23174
10226
2136
6289
29011
12727
7104
31352
27786
32145
7927
24262
3841
23628
5031
9303
20660
26692
25548
8701
11962
25989
20819
10185
14199
27953
999
9606
10002
26658
10504
6791
10281
7377
23133
12963
3268
21622
15947
13437
5000
23409
5830
9481
3374
24809
12903
17483
30259
31155
29631
18274
22736
19061
25324
29638
2860
7435
32105
32718
7633
25897
14379
23669
3676
30786
26601
19549
4729
31913
955
27668
3855
21495
30182
3991
4024
1196
28406
6420
21108
26393
28430
11508
15262
6525
31101
26393
17951
32622
9873
30052
17377
20602
1968
15227
647
31247
4516
25545
10331
22680
311
454
23943
3049
28160
10616
5513
27357
32636
8250
3297
23101
30817
2748
20236
2788
3118
15435
22710
25377
13063
2898
10796
5981
28608
20257
24080
13822
15416
27374
6224
10891
4072
2585
24920
31760
13499
29109
16775
19140
24096
2883
12512
20713
13918
3264
12035
27380
22057
25059
5979
27374
23154
15008
1432
15130
3203
25328
24160
5080
20554
18388
20545
18633
19701
19863
24811
28980
960
23380
23196
28584
18699
16313
11739
7395
21424
21258
7017
6643
22163
31337
14965
3483
22651
28756
12047
20728
15904
30319
9439
20324
14981
21636
25111
7579
6535
18632
1702
3101
6326
19808
19375
14547
16997
22307
22329
25588
32509
29090
30760
3114
20631
23653
24172
5617
27849
3448
9080
576
10431
15655
14069
30828
27534
24325
952
10057
6854
11315
24818
16786
13638
8926
9127
6539
4181
7946
25698
8164
27374
28814
19750
18913
19290
4704
935
8888
23301
26387
954
3131
13450
7838
32267
29366
22544
10591
3854
30747
14809
23648
25144
23132
7960
10968
5486
6425
15619
6389
28862
7803
20010
19416
17997
28512
4615
23266
3728
9912
27350
17966
5311
16430
3495
13918
18311
30220
30897
27035
512
13912
9193
29143
24798
29507
8147
10325
30699
21189
5784
31340
31669
385
25434
29576
13187
11502
13252
10353
18318
26808
26597
26576
16238
868
9278
21487
17619
3636
18969
18880
32373
7242
18973
14625
5966
32015
1312
21086
17926
30166
12092
11511
26799
16061
26917
19364
2226
18132
953
8599
23305
898
8665
32001
4271
20260
11384
31447
2901
6902
19697
26582
19031
30775
24990
12997
9198
15496
8358
21498
7847
17814
23830
19999
32532
8184
8756
11318
24001
5467
6416
8411
22889
26076
27739
10953
14698
12469
7804
25248
5239
20508
1505
21990
20365
11368
25491
4939
2344
19062
18446
19505
17590
6475
14927
12139
27212
17146
21806
24901
28312
1224
20206
13509
14103
21135
7955
2609
3719
18784
13939
30417
15776
13676
32144
6646
7167
12069
3365
17212
11619
5024
21759
19979
7963
23614
9486
22116
14783
6539
19644
10970
6943
5478
17533
8158
19577
24675
5544
10304
2287
20077
29829
22259
18487
9904
16551
11793
24981
2742
24444
24350
23302
22735
9506
24721
14526
3511
16252
31888
24789
26995
22406
15612
26430
23420
23781
22701
22008
31263
12227
1535
17800
2340
7385
22157
22950
21422
24525
60
30263
23906
8127
14204
16507
11979
6687
32458
16520
16637
28609
3961
14071
19577
18483
16307
31453
32593
16206
2491
29693
24205
20747
6260
1339
22220
14232
32039
31572
16431
28587
29313
21453
22898
22295
20699
28713
32348
6557
6079
2399
7514
24580
12455
30603
12391
30059
20231
8676
15662
22239
4494
10990
8307
24873
18601
11505
10415
4329
1610
6825
17402
2281
23271
6207
17710
21163
25541
24696
1098
3396
3702
2605
24084
32365
13729
16891
22275
14808
31489
19515
25947
21184
688
25396
9882
19396
29606
17808
1043
14581
24956
2317
2777
18478
886
1397
31454
9124
23745
27600
20828
25277
14841
24024
21108
32038
10223
6573
22038
29728
18344
3530
23584
9754
9129
26936
11210
133
27249
31745
577
996
12872
31720
5266
20002
10807
343
26826
7977
23640
20633
19035
2992
25936
17225
24002
21076
17689
26123
5991
1771
11525
7802
6597
2069
28415
28001
16074
29459
29204
8493
20609
2525
20531
3234
13550
16238
305
5582
4410
24163
14096
12603
10256
32196
20353
7529
30534
14370
32423
29307
22720
22754
5918
23089
10897
29656
4924
1046
16996
6936
17303
10747
12315
9992
18119
14499
5045
17594
11885
28864
2677
15993
30068
5150
30528
12962
11158
29471
10824
11446
31266
28263
11239
21676
26109
16600
11981
10380
29415
9665
27998
29753
3072
12114
30294
31630
21899
24916
11439
2733
19441
25623
32452
24724
21513
25515
6326
10226
8342
28498
5647
29240
4370
27958
30373
26866
28074
30296
23234
10584
9353
11977
19073
32288
27737
28188
3195
27543
28679
19483
20387
16880
26567
26041
11375
10716
17241
28232
16697
24411
18826
24812
28132
3793
20733
26192
29378
2140
30251
17047
30389
15717
29353
24470
14485
15477
31146
18240
28626
8010
15812
8801
8283
7979
1015
3984
26046
17272
26603
26206
31120
24197
13689
15060
30991
19624
31597
13597
11782
10641
15242
4479
24305
28634
23503
23696
27234
14047
15609
16294
12707
720
6729
29071
5789
23301
5767
8066
4344
6801
6727
25174
7812
12057
26475
5106
4824
14823
1513
6405
2617
18234
28111
29431
957
4064
4740
11807
26287
30983
13136
54
30518
18001
5406
11019
32306
12838
2433
30585
10343
24654
26358
23702
24797
24255
22121
10030
10886
10419
6650
13680
15650
24574
12544
6886
26976
12447
32078
16555
2118
4757
19894
21976
31186
24052
29132
9279
30434
25911
15084
7516
14929
2520
3711
13192
17763
32542
28025
21360
17251
12087
5414
4550
20618
30342
7463
24886
10275
10558
14008
25756
32237
5936
28980
12660
1729
481
10202
5777
29812
14560
31953
15123
26879
20566
1386
10643
9437
9695
2982
7072
29877
10136
2296
6511
8761
4474
15947
16846
27726
5350
3399
20058
19053
7808
30416
10226
32585
11841
25296
8043
16050
30152
5431
7813
27321
12529
29760
25886
11285
27817
1013
9894
27077
12289
15093
7123
25591
15233
5237
23702
30249
21182
901
5709
17550
17454
11156
29242
22707
9020
567
16436
29026
26776
15910
14748
2503
27857
14215
28819
23505
28965
7536
16234
25051
10904
9383
19546
7052
835
5036
30070
6651
1519
20473
14557
5911
10210
20616
27956
7239
25849
6550
24148
31821
25079
9639
8767
9328
2333
24522
14937
2266
21755
4894
21717
12351
15749
29589
17005
8895
31593
9208
29782
16398
5536
23851
5747
16594
27971
6835
6601
26444
15265
28789
17203
9019
13966
28096
4694
11517
20222
12686
5336
23544
15826
5127
31181
15416
21233
2375
31090
10073
15003
8545
25886
25768
11514
18852
29557
5253
15354
13085
7391
27404
13147
604
7225
32244
16133
11387
26570
10678
19355
9565
13944
20978
21842
17204
25915
271
6404
31558
20691
11043
23424
23536
30646
6162
15141
26603
30797
14585
16303
14030
16223
27853
7248
32468
31438
30783
22531
27616
9345
13539
20509
26558
14753
15250
18724
14252
29192
3597
485
4889
3062
994
31937
6060
6
32404
29512
16008
12641
10486
10249
14031
28210
17880
2727
18788
21594
20965
25136
10742
28260
31948
29099
22842
7355
15774
19184
31863
7962
1655
17341
20040
21061
23393
16645
3230
30199
20597
19595
2052
3867
13124
10416
14375
14910
25461
22153
31125
581
7855
16949
22725
3931
17337
2414
3672
16942
20703
4189
4254
3931
8600
22707
24156
12070
12135
20213
26316
30063
23039
535
13030
26082
31402
31053
13278
22637
18155
7198
23278
16887
18018
24762
24149
30031
24561
13453
20384
28770
16925
21268
26408
2482
10935
32496
10460
4611
20923
20793
17984
15959
31608
4884
25014
28189
30193
21896
5885
8614
1412
15245
27895
13528
1225
10854
5295
12838
15293
21553
6554
20928
12832
20669
26397
30982
283
14491
18256
20035
26662
30328
16130
13464
10537
17066
27389
17462
28641
32008
17034
4816
18566
22783
25400
24657
27051
4066
18906
31690
21861
3458
7375
29870
5551
19199
27526
27713
6157
19421
1856
6990
27760
29018
22808
24600
27482
6143
22849
26772
1858
13174
2960
19669
19770
23707
9530
11720
22735
1493
16350
11297
16177
18855
15814
19349
13716
1922
17258
5706
30421
17118
27189
5260
11361
30857
4236
27841
24147
24126
27405
16287
11996
16505
15124
5276
25832
29322
20100
27302
2558
1256
11460
16661
8040
13769
5383
11486
11925
20463
12753
19977
14523
27589
9655
14693
18880
18090
21862
10874
12891
9357
4838
4543
11639
28602
3616
21261
29912
2803
11934
18516
2304
2499
14995
23693
12372
17167
28443
21231
29051
29166
28099
3686
3335
22715
9036
27969
14935
6760
2988
3370
11195
15892
30550
2908
7642
4320
13755
5392
30289
23039
18705
23608
13725
5389
1875
17520
16443
9890
19593
23602
17165
16166
8777
30281
14080
24551
126
30600
18412
13928
2920
11451
8892
16893
29412
15582
28366
30612
22254
2957
30365
22486
21860
8124
17309
11119
9484
25256
12646
22953
25049
19213
15381
3392
28266
18586
3567
7026
3796
930
4168
24917
8353
17684
932
2925
5145
6829
25371
31614
2752
2924
5890
16543
16159
28743
15047
21904
6599
17692
31261
6477
6036
1514
18777
13795
25903
27713
32028
27011
21462
8439
1331
26069
2912
13853
20155
14734
7547
32049
4489
30789
24121
3477
3273
5251
9675
3904
30436
8217
24460
7604
9384
26294
2625
22320
11171
5816
3486
27686
975
27715
2317
17135
27765
4752
32684
958
6219
12168
1428
8403
25823
19858
21089
12017
8505
6057
23791
8721
10172
7089
25697
16984
20302
1803
2664
27975
30649
4455
25282
30514
13648
2521
7168
16627
24533
14896
9613
21983
2202
5251
30444
9721
7143
24332
23617
12390
12700
21049
27667
12833
20759
23809
2640
11504
11352
885
7313
23191
5731
2967
21408
24651
14566
27758
11832
22121
19740
13146
6411
30824
23537
21414
20489
4365
18791
5212
25824
30429
12088
4189
3775
11480
19133
31920
10080
31588
526
10523
31045
5512
17515
28400
17218
7770
18907
554
5435
8891
30226
22712
27183
23361
25240
7193
9077
19061
21544
22825
18758
2879
8023
25147
13436
25502
16502
5991
1433
28572
10936
2342
3339
30850
4760
10524
2223
19528
14197
32052
23187
10575
28799
2290
7424
4691
215
24837
14264
7835
30450
7452
23164
6770
6975
7163
209
3035
12809
19918
25348
28545
5278
30909
30828
16877
26033
11200
28399
10491
25853
21429
15303
20879
9771
9904
10630
21892
12022
22930
1880
15845
16525
21469
23945
30048
20536
21958
19271
16119
29503
17548
29096
1273
16904
4361
4079
5169
30335
27783
13579
5981
18874
16340
10848
26338
21726
6297
31690
189
31036
231
16607
15549
5056
29971
2933
4335
32652
27588
8037
31322
11232
9290
22414
24045
18749
12081
23580
30134
20938
25878
3594
7765
28918
16314
19429
6319
3679
18773
29651
5095
32755
5677
18133
5002
10068
31846
4425
1545
32385
32284
15539
8045
22452
6575
11964
19526
21638
29790
6523
20708
22617
4888
8436
26826
31223
5518
31198
31328
14455
10125
26026
13032
30561
7307
12224
7859
1554
27008
4108
4501
13921
28919
5817
29590
18050
21860
1340
17898
8747
17848
14485
29732
16118
30771
2257
17830
6151
18297
16852
860
3310
9705
6485
9642
10190
23338
17962
7842
3775
16390
7366
5243
9330
27772
21760
8254
7188
3088
23830
25795
1140
19558
24049
4572
3687
6671
21674
10192
4716
8099
25934
3851
6540
15120
19166
22547
28036
23857
2202
14270
29734
1955
16511
5027
23037
23764
21263
13006
20528
30300
11344
26296
25000
30097
25111
16502
9077
597
1926
9776
17518
11315
22996
23765
16408
25003
10828
23053
14538
29129
10649
29295
15630
19453
30784
14325
31817
29222
8302
7340
11935
20720
23796
11696
13329
29280
20880
31320
12008
16045
6254
31662
7511
16210
18670
4130
13916
6241
23464
24447
3559
11290
4014
15133
17470
7356
13584
20057
17568
8347
166
13122
22312
23667
19721
16277
2549
14332
27875
7660
13704
24766
29289
1842
8301
28455
4133
12378
1566
25051
30457
16464
1316
25419
21857
25136
14463
3465
23544
18359
72
8283
27454
12279
15765
23950
20120
17998
1437
32652
10392
28056
4125
32305
29823
19364
25850
5595
16640
10469
3367
17600
2119
30826
19145
12933
18746
7184
7321
13836
17919
14583
4234
28045
3006
12338
10669
7400
10152
4035
23889
17977
11576
4038
27502
12461
29112
28652
5700
20885
8456
18731
32063
19385
3995
10164
7966
30959
28098
294
18260
12780
16429
23297
27310
18521
16814
13661
14135
26410
4673
3548
23385
19755
22346
3805
18500
5595
12573
16114
29588
1150
10691
17557
23597
1390
252
4630
22122
22962
31104
3544
25464
8401
2954
2749
6140
13544
8343
