1233
28036
24267
16966
1426
30569
8163
22756
20805
3560
30429
28373
20
27605
26950
4418
20756
24638
9484
9522
2240
774
29328
24912
5031
7376
3324
5359
16737
17950
21719
24651
11207
442
4311
16913
7780
22102
12534
7714
4646
11119
18375
8596
4441
28023
11787
10234
6102
15666
1152
1510
17272
11873
2041
23724
26832
22942
27571
23400
24602
17799
11751
4418
7791
27422
6812
13552
28476
22896
28863
1405
25074
15477
23925
10313
16383
19256
16816
10322
7934
24887
30209
31409
25386
18189
173
11368
17945
28238
29186
7514
13735
9395
23275
27803
7984
631
4547
31210
31490
6144
14695
8316
11281
7874
16015
3836
2029
12641
16222
24783
6898
20245
4407
23708
31934
11859
22739
31756
18665
8874
26768
8398
4080
6635
22796
6879
21617
29836
4083
25608
26782
15694
10517
13480
16364
1054
30140
21939
2315
24633
1596
21499
9243
23956
29131
30894
18717
22907
20627
11040
29351
4728
7174
8139
24796
28534
26994
30869
18588
16934
13013
14929
760
2210
8690
15239
20713
29265
4516
28792
1857
11274
14707
14429
14049
14204
14181
4080
9517
20941
27670
19757
10429
11649
23819
18522
15957
926
4420
5701
27160
16397
7184
14285
14584
19780
18982
25251
30321
17186
9456
18258
27255
32026
16426
30845
13229
23444
1452
22376
4567
13456
29572
10683
13458
14221
72
15490
25155
18601
6571
14455
2893
5897
29005
2948
7559
29307
3032
2948
11245
9306
17992
13898
16021
20403
17802
13028
24293
7333
1097
30752
13316
13070
29445
15440
17294
18532
24165
4683
10892
17632
4046
22452
25251
17378
23604
22655
26507
29585
5424
19376
20675
6081
4179
3430
13187
13339
14523
14873
24819
8567
24291
3872
21658
4749
15039
13430
26393
19405
21513
21437
6425
4747
17622
8323
2690
5983
2668
13765
29165
24524
22615
27825
10333
29471
8634
4272
7465
20122
19684
5284
17981
25810
17699
11630
24707
11350
24285
30132
5275
401
16860
32481
21458
24562
19946
29549
338
13898
11678
11870
15254
23157
2933
27663
23073
24636
7460
30768
29552
22394
31021
32014
32557
13694
27313
22548
26789
28081
14213
6034
9596
32120
3208
1470
9375
28508
1075
25849
10619
6505
31601
16723
26477
6867
10417
31568
29049
23776
10554
28653
21054
6913
30911
25054
24617
13890
1844
2074
8682
22501
24800
26009
22308
10058
7346
20060
31081
5907
1240
15791
18789
3461
11662
25003
15449
27696
28212
32766
24012
15058
28836
6127
31101
31097
19138
26012
8603
24040
22101
10886
25912
60
15125
24400
19196
15055
24324
12996
25622
16733
12546
31255
2936
13157
412
30318
9540
11730
24102
5024
29313
8155
8713
1086
19731
26408
12893
24273
24554
30518
6075
8290
12153
4092
27212
14400
1642
18383
17446
253
6800
27779
11737
19130
32285
32723
14660
23204
12565
21250
16046
959
26370
1475
28690
15587
21738
27735
14009
22532
7038
8437
3854
16054
8596
17518
22191
22511
29399
12817
16576
31503
30397
10956
25732
5151
5050
15253
6702
23894
4788
25352
6644
20962
22198
14930
4454
15845
15592
9549
8958
4029
14527
19948
1016
20104
113
28378
11363
23015
23980
12638
19833
22275
30343
8834
556
28366
8889
884
28161
16780
8456
31020
15905
13201
16645
24399
16558
30540
21751
16980
1619
30852
21
17637
16927
3298
13560
29832
23443
3504
30799
20862
26361
16096
15317
3563
30712
10064
25984
18488
614
15948
22267
17590
15709
4693
2391
27268
15505
19744
4350
1970
13280
14562
7656
8358
6443
10955
19473
20159
6245
30416
22570
29241
3561
20654
3214
15185
31505
15916
31353
20137
10500
32416
21364
2285
28111
2996
30484
9655
18360
5994
2276
19888
17102
11102
8864
20473
23749
19788
30372
2761
23297
19665
30371
18263
18161
7798
21148
3322
1182
26602
25610
12174
14212
8591
22876
7451
27040
28984
13732
11953
10442
8754
30867
150
3653
24193
677
5540
25749
3435
2457
18924
24464
31547
12580
22687
6840
11839
7142
31023
20936
3347
2205
22449
1933
14881
20377
27782
3831
18537
21616
30522
10864
11646
16370
8364
13676
5329
5727
2159
3138
30770
32216
16753
9786
8596
18708
474
5607
31249
6740
2615
25527
18990
12953
2008
30408
20319
16660
30326
32765
19150
18142
17690
6994
27992
25321
16953
7020
17624
6711
4900
13173
3753
28745
15008
29478
4966
25563
29392
18725
28660
9166
24156
32658
28611
4198
21708
26332
23632
23733
20021
8922
26095
25687
12824
19991
2503
2400
3463
26477
6430
11923
29833
15829
17879
8661
4800
20093
22584
2785
12105
18715
29169
12860
10212
11906
602
13420
10069
15730
20477
30053
6922
8629
15188
26692
11261
6503
7892
32575
16092
1174
28714
22492
16232
4875
1732
30562
15131
1126
11155
11149
3853
11889
22031
25478
11544
15790
14972
5394
15418
25650
3436
522
6204
27318
8326
29195
29841
22508
15493
13422
9857
8719
23684
32379
23175
7870
11896
31193
14583
9482
31998
5961
15843
5582
26199
31125
18496
15935
1200
3266
9285
18627
27559
7565
5396
12295
7948
1302
8604
26699
26340
15574
10430
13057
9396
28374
174
20631
3580
22051
9629
1169
28673
893
15253
8154
24783
23119
26532
1372
383
23012
17468
23758
13750
1751
29914
26573
29806
2251
7398
11567
5625
20573
15834
28308
17218
22871
16551
7229
27223
23846
11861
15138
23588
2447
23529
28990
30593
3997
3467
11310
1392
7902
21736
5626
10911
8399
11990
19507
4661
18580
9270
3390
13771
19180
29215
20463
26295
21093
32057
31066
31889
972
5222
9445
19696
9960
18088
12962
20597
18280
20543
4060
6411
25113
25361
28144
32108
29276
20047
23390
7656
29656
18774
29472
9826
11372
26067
5691
29083
21095
27947
25491
29107
25340
11546
25091
492
15600
30618
4269
1458
21398
23046
20879
30936
3581
20351
25176
21797
9832
29327
22393
28943
7678
29196
19838
15302
6339
19775
17567
31348
13767
6982
23186
27331
14238
25015
22180
28321
4367
16006
15368
9536
10768
26921
22127
5472
28915
20217
29913
19664
3034
20188
18090
6450
15984
22561
3840
15872
22491
28843
8772
19404
15596
26194
25087
31948
25241
12166
10991
14997
19630
16181
26971
12583
25791
20463
18339
4906
15713
27209
11035
29559
5530
10879
29465
22490
12437
2397
11853
26902
21914
11359
14929
25642
3134
279
385
12499
26839
10191
19213
16722
32051
29040
20813
8047
16778
29858
4692
19134
2480
32309
3783
19489
23183
24768
27376
8846
13269
26503
9742
27923
8682
28834
23535
30231
11301
29276
17601
994
29503
28634
26406
4704
5128
8445
12422
23073
8792
20872
26537
18597
20553
15238
11653
19927
5539
24806
84
8919
27544
10345
29930
28156
28850
16830
6726
26650
2313
5355
15207
26368
20153
16622
29537
28997
26259
28068
18351
16197
3347
29931
15563
19814
28562
9987
6396
25504
9661
11835
18799
13884
24390
21961
7562
987
6618
14329
19581
21691
29522
6026
31002
16182
27693
26708
10214
21899
11838
19247
23408
8417
11170
273
19169
19849
10741
6518
26325
27780
3525
24581
8297
28229
31303
19824
9877
15031
6473
32668
3517
2690
8040
32002
5506
25995
24707
18261
222
27321
2160
356
13424
17663
19437
11331
3860
29079
9689
16293
12471
15243
29860
8589
9066
4218
3076
16678
6836
4761
3817
22766
15661
3064
9652
7194
11336
9991
25763
21303
15985
4184
30352
11277
8024
26022
24540
16584
19084
5655
28070
6746
5195
6078
9536
12827
13465
5732
18403
14002
2191
32648
16033
6201
32246
4004
668
8092
23828
17586
21878
5442
25798
23023
24072
15088
27855
12511
32087
7402
624
19345
28611
32347
13113
15396
3714
25846
31262
11658
17741
2014
717
27020
4185
9667
14143
14
5769
1614
19341
29589
13282
10944
15366
3846
2111
29142
29054
18609
24134
13039
32744
22157
32410
5232
13096
22469
17234
8552
24098
14196
32683
25200
8215
11437
4089
32214
5169
31679
9700
8954
8028
23735
9424
17655
20568
11046
8861
26758
1548
17188
24721
2336
20510
12180
20626
22883
15808
3498
31385
25271
3789
18859
22115
18481
31508
6388
28010
12472
1012
21822
22803
7270
1065
7456
28969
10544
29157
24021
16010
2762
1826
10816
1568
14789
17463
813
19
7675
170
29914
3901
14380
32326
11702
3295
3817
12909
29288
31890
25265
14767
4883
15488
27995
10651
17881
1491
12467
13524
2718
20846
6248
21864
31758
29915
29478
29022
12769
2949
1791
11662
6237
40
17679
25270
24861
19077
24672
26825
28946
13658
19467
11402
28615
16529
25760
17242
23529
29624
18632
29006
18694
13489
9513
21893
10901
30379
30602
12473
20535
21841
3384
31251
30524
28736
16552
13892
5481
6847
14941
17617
16632
13226
14604
6062
23009
14768
9471
2319
22616
28607
29367
17275
25751
9659
6357
28706
7133
31094
7483
8048
9911
9181
32110
8162
1150
9839
30270
14105
12321
27892
28330
28973
548
14187
2558
31299
29673
24644
9534
13922
10287
21199
17351
2946
23768
17909
12084
4582
10735
3878
20095
7852
12777
8594
30824
23715
10027
3484
17691
26460
19149
5259
8973
7300
18590
9347
13095
6000
5224
20661
12326
2810
11381
6610
25922
28044
25937
6853
30733
11130
8914
28065
2463
21397
8790
23768
29424
29181
14924
13487
8325
3382
13046
18670
20815
31102
7276
732
15568
30302
17893
2922
25727
19072
14898
26031
5230
20928
25995
3476
22314
12677
18574
