1
2
3
4
5
6
7
8
9
10
11
12
13
14
15
16
17
18
19
20
21
22
23
24
25
26
27
28
29
30
31
32
33
34
35
36
37
38
39
40
41
42
43
44
45
46
47
48
49
50
51
52
53
54
55
56
57
58
59
60
61
62
63
64
65
66
67
68
69
70
71
72
73
74
75
76
77
78
79
80
81
82
83
84
85
86
87
88
89
90
91
92
93
94
95
96
97
98
99
100
101
102
103
104
105
106
107
108
109
110
111
112
113
114
115
116
117
118
119
120
121
122
123
124
125
126
127
128
129
130
131
132
133
134
135
136
137
138
139
140
141
142
143
144
145
146
147
148
149
150
151
152
153
154
155
156
157
158
159
160
161
162
163
164
165
166
167
168
169
170
171
172
173
174
175
176
177
178
179
180
181
182
183
184
185
186
187
188
189
190
191
192
193
194
195
196
197
198
199
200
201
202
203
204
205
206
207
208
209
210
211
212
213
214
215
216
217
218
219
220
221
222
223
224
225
226
227
228
229
230
231
232
233
234
235
236
237
238
239
240
241
242
243
244
245
246
247
248
249
250
251
252
253
254
255
256
257
258
259
260
261
262
263
264
265
266
267
268
269
270
271
272
273
274
275
276
277
278
279
280
281
282
283
284
285
286
287
288
289
290
291
292
293
294
295
296
297
298
299
300
301
302
303
304
305
306
307
308
309
310
311
312
313
314
315
316
317
318
319
320
321
322
323
324
325
326
327
328
329
330
331
332
333
334
335
336
337
338
339
340
341
342
343
344
345
346
347
348
349
350
351
352
353
354
355
356
357
358
359
360
361
362
363
364
365
366
367
368
369
370
371
372
373
374
375
376
377
378
379
380
381
382
383
384
385
386
387
388
389
390
391
392
393
394
395
396
397
398
399
400
401
402
403
404
405
406
407
408
409
410
411
412
413
414
415
416
417
418
419
420
421
422
423
424
425
426
427
428
429
430
431
432
433
434
435
436
437
438
439
440
441
442
443
444
445
446
447
448
449
450
451
452
453
454
455
456
457
458
459
460
461
462
463
464
465
466
467
468
469
470
471
472
473
474
475
476
477
478
479
480
481
482
483
484
485
486
487
488
489
490
491
492
493
494
495
496
497
498
499
500
501
502
503
504
505
506
507
508
509
510
511
512
513
514
515
516
517
518
519
520
521
522
523
524
525
526
527
528
529
530
531
532
533
534
535
536
537
538
539
540
541
542
543
544
545
546
547
548
549
550
551
552
553
554
555
556
557
558
559
560
561
562
563
564
565
566
567
568
569
570
571
572
573
574
575
576
577
578
579
580
581
582
583
584
585
586
587
588
589
590
591
592
593
594
595
596
597
598
599
600
601
602
603
604
605
606
607
608
609
610
611
612
613
614
615
616
617
618
619
620
621
622
623
624
625
626
627
628
629
630
631
632
633
634
635
636
637
638
639
640
641
642
643
644
645
646
647
648
649
650
651
652
653
654
655
656
657
658
659
660
661
662
663
664
665
666
667
668
669
670
671
672
673
674
675
676
677
678
679
680
681
682
683
684
685
686
687
688
689
690
691
692
693
694
695
696
697
698
699
700
701
702
703
704
705
706
707
708
709
710
711
712
713
714
715
716
717
718
719
720
721
722
723
724
725
726
727
728
729
730
731
732
733
734
735
736
737
738
739
740
741
742
743
744
745
746
747
748
749
750
14179
10206
31815
15345
31476
26076
1920
11498
18775
2817
2659
25489
9399
17187
10873
13333
533
6795
16635
22689
8578
17751
5279
5085
13969
30237
26034
23735
29964
2001
103
30563
21990
32489
18799
8096
10353
9662
30921
10302
17361
18486
30428
13277
27825
21152
4035
27383
17204
22495
28904
21281
19758
17099
9428
11149
28821
14036
325
29396
29234
25577
15233
31218
19612
20888
5867
10386
29543
25974
25044
22157
22169
10433
13459
24237
14941
4420
9944
20150
14076
20859
28477
22695
29960
29688
8478
26941
31195
17925
31915
1977
6208
21899
1339
25315
22895
1586
20964
12111
29247
458
19528
15071
6295
2026
20913
22921
19749
24790
27233
3930
27987
30630
2851
7099
8567
24485
5414
18932
31562
18680
2059
10990
22684
10368
6717
7229
24134
5889
11137
16477
8031
11139
17870
19516
17587
21752
8286
19961
18544
30496
22789
20716
6691
20138
22466
742
16099
24732
4244
16058
16844
30964
6030
8188
2224
31887
15150
1032
24840
4683
6379
7238
22833
26473
24589
30125
14805
4917
14017
6534
13223
24040
30061
11123
5459
28365
11329
10415
7604
9635
9999
11415
15944
9027
25436
24170
25058
17794
11447
27725
2975
6745
21321
14226
25115
3651
12462
5689
31461
23015
28419
19895
31280
29431
17984
10999
23243
1112
9160
23455
29267
12675
28735
27796
1447
10539
26524
4544
412
19232
14207
6931
11250
25971
22468
15047
24711
19675
20824
233
11979
21591
26443
12309
27508
26645
22055
20353
2675
20371
7553
7740
21798
23300
1997
19384
20687
32757
25719
6535
26949
10544
10287
19042
13289
15840
26500
623
24284
9207
24500
31940
8303
16845
450
14887
15067
17161
13258
3351
26675
9413
15506
10001
17046
19693
3425
2828
31913
12520
24084
2374
32324
20347
20334
10306
14700
490
1968
7953
19330
26720
32105
17618
16057
30096
25744
6517
32718
23965
29136
19396
23539
27703
26659
24739
6924
1544
9378
24470
2589
22862
7324
10373
2563
457
485
22204
30307
9175
368
21814
30945
17118
20512
2075
7314
22250
31196
12167
13747
26007
9954
26509
29083
8754
19293
27004
8942
22811
30009
29280
7700
10861
11318
29388
14825
22497
6203
27607
18614
10736
25070
7525
7521
12344
385
27048
28896
24865
28622
4582
15347
23744
28071
12412
22803
22268
21863
5155
677
27887
10957
24690
372
27023
23819
6052
8030
15757
28441
29084
12878
11901
31311
9254
21354
312
16179
128
5773
9086
14480
2585
22007
6368
25800
27288
26179
11997
14698
26400
18074
15436
29959
15058
8487
28666
17218
31380
12234
29331
26407
26129
22801
24518
24510
18945
6500
23204
15071
22443
3199
16713
2631
5544
11046
17343
12012
19945
4371
25119
28302
7420
24372
5625
1935
1674
3603
10998
14084
13093
17558
2748
25868
15168
1768
18
27489
9087
20919
13637
10796
28210
30112
29130
24350
26140
18151
23332
29372
1656
30060
15625
12282
9278
8410
7360
6668
15522
32034
7117
21625
3293
6952
28112
20849
22321
10683
26027
14944
31015
17099
24035
18115
14108
6358
73
30011
24827
6308
12505
23263
13388
21300
8162
31959
8046
17398
18279
26663
18976
18235
22469
31688
1863
21737
22423
6397
5099
21363
31447
11748
18306
5896
30022
20043
6513
24843
19469
20166
8144
29636
27300
5630
27501
3669
32499
6220
25876
25839
24759
12679
4110
26949
2088
20762
21992
30529
22489
11353
16246
14838
15839
27413
16150
23767
28725
621
28729
23846
18527
12776
28704
4015
590
22209
13284
11957
25220
2434
32697
1069
1912
14804
25459
1066
27196
15510
24650
27545
21085
44
7130
14126
16651
23322
17518
1694
6009
10449
2685
16399
31879
10440
21365
1996
17823
21455
2488
24638
26332
7073
11748
1560
11890
18616
3416
23761
20298
27237
16884
32599
32492
3359
24351
18690
10914
11036
28687
27334
2010
2846
11077
24750
973
400
32598
23429
22110
18385
23793
29398
15429
24016
25118
13080
7276
10713
19140
23586
7321
19118
19054
25573
26958
20442
13134
4441
13550
19522
3715
17336
12832
30461
2455
14827
3448
20069
23884
28225
10837
29038
4504
23143
9989
9015
17134
14229
27696
11487
19647
3845
19315
4506
32065
11945
29003
18692
13935
22045
11829
29621
8273
12251
23315
15893
20605
27310
23762
25969
2782
1897
2890
4943
32692
11992
32613
767
10972
9207
3204
9587
14418
9826
26910
14161
4596
22797
19114
32069
31368
309
30912
6812
23041
12694
7035
13839
7934
13791
18721
24796
22932
21091
5894
29724
29517
11281
12717
22608
10352
27814
16433
27453
9859
30497
5859
30714
29711
16503
32053
30023
1443
8329
2775
32288
9243
12115
24607
14482
2082
614
15790
7886
20214
24216
16209
