1
2
3
4
5
6
7
8
9
10
11
12
13
14
15
16
17
18
19
20
21
22
23
24
25
26
27
28
29
30
31
32
33
34
35
36
37
38
39
40
41
42
43
44
45
46
47
48
49
50
51
52
53
54
55
56
57
58
59
60
61
62
63
64
65
66
67
68
69
70
71
72
73
74
75
76
77
78
79
80
81
82
83
84
85
86
87
88
89
90
91
92
93
94
95
96
97
98
99
100
101
102
103
104
105
106
107
108
109
110
111
112
113
114
115
116
117
118
119
120
121
122
123
124
125
126
127
128
129
130
131
132
133
134
135
136
137
138
139
140
141
142
143
144
145
146
147
148
149
150
151
152
153
154
155
156
157
158
159
160
161
162
163
164
165
166
167
168
169
170
171
172
173
174
175
176
177
178
179
180
181
182
183
184
185
186
187
188
189
190
191
192
193
194
195
196
197
198
199
200
201
202
203
204
205
206
207
208
209
210
211
212
213
214
215
216
217
218
219
220
221
222
223
224
225
226
227
228
229
230
231
232
233
234
235
236
237
238
239
240
241
242
243
244
245
246
247
248
249
250
251
252
253
254
255
256
257
258
259
260
261
262
263
264
265
266
267
268
269
270
271
272
273
274
275
276
277
278
279
280
281
282
283
284
285
286
287
288
289
290
291
292
293
294
295
296
297
298
299
300
301
302
303
304
305
306
307
308
309
310
311
312
313
314
315
316
317
318
319
320
321
322
323
324
325
326
327
328
329
330
331
332
333
334
335
336
337
338
339
340
341
342
343
344
345
346
347
348
349
350
351
352
353
354
355
356
357
358
359
360
361
362
363
364
365
366
367
368
369
370
371
372
373
374
375
376
377
378
379
380
381
382
383
384
385
386
387
388
389
390
391
392
393
394
395
396
397
398
399
400
401
402
403
404
405
406
407
408
409
410
411
412
413
414
415
416
417
418
419
420
421
422
423
424
425
426
427
428
429
430
431
432
433
434
435
436
437
438
439
440
441
442
443
444
445
446
447
448
449
450
451
452
453
454
455
456
457
458
459
460
461
462
463
464
465
466
467
468
469
470
471
472
473
474
475
476
477
478
479
480
481
482
483
484
485
486
487
488
489
490
491
492
493
494
495
496
497
498
499
500
501
502
503
504
505
506
507
508
509
510
511
512
513
514
515
516
517
518
519
520
521
522
523
524
525
526
527
528
529
530
531
532
533
534
535
536
537
538
539
540
541
542
543
544
545
546
547
548
549
550
551
552
553
554
555
556
557
558
559
560
561
562
563
564
565
566
567
568
569
570
571
572
573
574
575
576
577
578
579
580
581
582
583
584
585
586
587
588
589
590
591
592
593
594
595
596
597
598
599
600
601
602
603
604
605
606
607
608
609
610
611
612
613
614
615
616
617
618
619
620
621
622
623
624
625
626
627
628
629
630
631
632
633
634
635
636
637
638
639
640
641
642
643
644
645
646
647
648
649
650
651
652
653
654
655
656
657
658
659
660
661
662
663
664
665
666
667
668
669
670
671
672
673
674
675
676
677
678
679
680
681
682
683
684
685
686
687
688
689
690
691
692
693
694
695
696
697
698
699
700
701
702
703
704
705
706
707
708
709
710
711
712
713
714
715
716
717
718
719
720
721
722
723
724
725
726
727
728
729
730
731
732
733
734
735
736
737
738
739
740
741
742
743
744
745
746
747
748
749
750
751
752
753
754
755
756
757
758
759
760
761
762
763
764
765
766
767
768
769
770
771
772
773
774
775
776
777
778
779
780
781
782
783
784
785
786
787
788
789
790
791
792
793
794
795
796
797
798
799
800
801
802
803
804
805
806
807
808
809
810
811
812
813
814
815
816
817
818
819
820
821
822
823
824
825
826
827
828
829
830
831
832
833
834
835
836
837
838
839
840
841
842
843
844
845
846
847
848
849
850
851
852
853
854
855
856
857
858
859
860
861
862
863
864
865
866
867
868
869
870
871
872
873
874
875
876
877
878
879
880
881
882
883
884
885
886
887
888
889
890
891
892
893
894
895
896
897
898
899
900
901
902
903
904
905
906
907
908
909
910
911
912
913
914
915
916
917
918
919
920
921
922
923
924
925
926
927
928
929
930
931
932
933
934
935
936
937
938
939
940
941
942
943
944
945
946
947
948
949
950
951
952
953
954
955
956
957
958
959
960
961
962
963
964
965
966
967
968
969
970
971
972
973
974
975
976
977
978
979
980
981
982
983
984
985
986
987
988
989
990
991
992
993
994
995
996
997
998
999
1000
1001
1002
1003
1004
1005
1006
1007
1008
1009
1010
1011
1012
1013
1014
1015
1016
1017
1018
1019
1020
1021
1022
1023
1024
1025
1026
1027
1028
1029
1030
1031
1032
1033
1034
1035
1036
1037
1038
1039
1040
1041
1042
1043
1044
1045
1046
1047
1048
1049
1050
1051
1052
1053
1054
1055
1056
1057
1058
1059
1060
1061
1062
1063
1064
1065
1066
1067
1068
1069
1070
1071
1072
1073
1074
1075
1076
1077
1078
1079
1080
1081
1082
1083
1084
1085
1086
1087
1088
1089
1090
1091
1092
1093
1094
1095
1096
1097
1098
1099
1100
1101
1102
1103
1104
1105
1106
1107
1108
1109
1110
1111
1112
1113
1114
1115
1116
1117
1118
1119
1120
1121
1122
1123
1124
1125
1126
1127
1128
1129
1130
1131
1132
1133
1134
1135
1136
1137
1138
1139
1140
1141
1142
1143
1144
1145
1146
1147
1148
1149
1150
1151
1152
1153
1154
1155
1156
1157
1158
1159
1160
1161
1162
1163
1164
1165
1166
1167
1168
1169
1170
1171
1172
1173
1174
1175
1176
1177
1178
1179
1180
1181
1182
1183
1184
1185
1186
1187
1188
1189
1190
1191
1192
1193
1194
1195
1196
1197
1198
1199
1200
1201
1202
1203
1204
1205
1206
1207
1208
1209
1210
1211
1212
1213
1214
1215
1216
1217
1218
1219
1220
1221
1222
1223
1224
1225
1226
1227
1228
1229
1230
1231
1232
1233
1234
1235
1236
1237
1238
1239
1240
1241
1242
1243
1244
1245
1246
1247
1248
1249
1250
1251
1252
1253
1254
1255
1256
1257
1258
1259
1260
1261
1262
1263
1264
1265
1266
1267
1268
1269
1270
1271
1272
1273
1274
1275
1276
1277
1278
1279
1280
1281
1282
1283
1284
1285
1286
1287
1288
1289
1290
1291
1292
1293
1294
1295
1296
1297
1298
1299
1300
1301
1302
1303
1304
1305
1306
1307
1308
1309
1310
1311
1312
1313
1314
1315
1316
1317
1318
1319
1320
1321
1322
1323
1324
1325
1326
1327
1328
1329
1330
1331
1332
1333
1334
1335
1336
1337
1338
1339
1340
1341
1342
1343
1344
1345
1346
1347
1348
1349
1350
1351
1352
1353
1354
1355
1356
1357
1358
1359
1360
1361
1362
1363
1364
1365
1366
1367
1368
1369
1370
1371
1372
1373
1374
1375
1376
1377
1378
1379
1380
1381
1382
1383
1384
1385
1386
1387
1388
1389
1390
1391
1392
1393
1394
1395
1396
1397
1398
1399
1400
1401
1402
1403
1404
1405
1406
1407
1408
1409
1410
1411
1412
1413
1414
1415
1416
1417
1418
1419
1420
1421
1422
1423
1424
1425
1426
1427
1428
1429
1430
1431
1432
1433
1434
1435
1436
1437
1438
1439
1440
1441
1442
1443
1444
1445
1446
1447
1448
1449
1450
1451
1452
1453
1454
1455
1456
1457
1458
1459
1460
1461
1462
1463
1464
1465
1466
1467
1468
1469
1470
1471
1472
1473
1474
1475
1476
1477
1478
1479
1480
1481
1482
1483
1484
1485
1486
1487
1488
1489
1490
1491
1492
1493
1494
1495
1496
1497
1498
1499
1500
1501
1502
1503
1504
1505
1506
1507
1508
1509
1510
1511
1512
1513
1514
1515
1516
1517
1518
1519
1520
1521
1522
1523
1524
1525
1526
1527
1528
1529
1530
1531
1532
1533
1534
1535
1536
1537
1538
1539
1540
1541
1542
1543
1544
1545
1546
1547
1548
1549
1550
1551
1552
1553
1554
1555
1556
1557
1558
1559
1560
1561
1562
1563
1564
1565
1566
1567
1568
1569
1570
1571
1572
1573
1574
1575
1576
1577
1578
1579
1580
1581
1582
1583
1584
1585
1586
1587
1588
1589
1590
1591
1592
1593
1594
1595
1596
1597
1598
1599
1600
1601
1602
1603
1604
1605
1606
1607
1608
1609
1610
1611
1612
1613
1614
1615
1616
1617
1618
1619
1620
1621
1622
1623
1624
1625
1626
1627
1628
1629
1630
1631
1632
1633
1634
1635
1636
1637
1638
1639
1640
1641
1642
1643
1644
1645
1646
1647
1648
1649
1650
1651
1652
1653
1654
1655
1656
1657
1658
1659
1660
1661
1662
1663
1664
1665
1666
1667
1668
1669
1670
1671
1672
1673
1674
1675
1676
1677
1678
1679
1680
1681
1682
1683
1684
1685
1686
1687
1688
1689
1690
1691
1692
1693
1694
1695
1696
1697
1698
1699
1700
1701
1702
1703
1704
1705
1706
1707
1708
1709
1710
1711
1712
1713
1714
1715
1716
1717
1718
1719
1720
1721
1722
1723
1724
1725
1726
1727
1728
1729
1730
1731
1732
1733
1734
1735
1736
1737
1738
1739
1740
1741
1742
1743
1744
1745
1746
1747
1748
1749
1750
1751
1752
1753
1754
1755
1756
1757
1758
1759
1760
1761
1762
1763
1764
1765
1766
1767
1768
1769
1770
1771
1772
1773
1774
1775
1776
1777
1778
1779
1780
1781
1782
1783
1784
1785
1786
1787
1788
1789
1790
1791
1792
1793
1794
1795
1796
1797
1798
1799
1800
1801
1802
1803
1804
1805
1806
1807
1808
1809
1810
1811
1812
1813
1814
1815
1816
1817
1818
1819
1820
1821
1822
1823
1824
1825
1826
1827
1828
1829
1830
1831
1832
1833
1834
1835
1836
1837
1838
1839
1840
1841
1842
1843
1844
1845
1846
1847
1848
1849
1850
1851
1852
1853
1854
1855
1856
1857
1858
1859
1860
1861
1862
1863
1864
1865
1866
1867
1868
1869
1870
1871
1872
1873
1874
1875
1876
1877
1878
1879
1880
1881
1882
1883
1884
1885
1886
1887
1888
1889
1890
1891
1892
1893
1894
1895
1896
1897
1898
1899
1900
1901
1902
1903
1904
1905
1906
1907
1908
1909
1910
1911
1912
1913
1914
1915
1916
1917
1918
1919
1920
1921
1922
1923
1924
1925
1926
1927
1928
1929
1930
1931
1932
1933
1934
1935
1936
1937
1938
1939
1940
1941
1942
1943
1944
1945
1946
1947
1948
1949
1950
1951
1952
1953
1954
1955
1956
1957
1958
1959
1960
1961
1962
1963
1964
1965
1966
1967
1968
1969
1970
1971
1972
1973
1974
1975
1976
1977
1978
1979
1980
1981
1982
1983
1984
1985
1986
1987
1988
1989
1990
1991
1992
1993
1994
1995
1996
1997
1998
1999
2000
2001
2002
2003
2004
2005
2006
2007
2008
2009
2010
2011
2012
2013
2014
2015
2016
2017
2018
2019
2020
2021
2022
2023
2024
2025
2026
2027
2028
2029
2030
2031
2032
2033
2034
2035
2036
2037
2038
2039
2040
2041
2042
2043
2044
2045
2046
2047
2048
2049
2050
2051
2052
2053
2054
2055
2056
2057
2058
2059
2060
2061
2062
2063
2064
2065
2066
2067
2068
2069
2070
2071
2072
2073
2074
2075
2076
2077
2078
2079
2080
2081
2082
2083
2084
2085
2086
2087
2088
2089
2090
2091
2092
2093
2094
2095
2096
2097
2098
2099
2100
2101
2102
2103
2104
2105
2106
2107
2108
2109
2110
2111
2112
2113
2114
2115
2116
2117
2118
2119
2120
2121
2122
2123
2124
2125
2126
2127
2128
2129
2130
2131
2132
2133
2134
2135
2136
2137
2138
2139
2140
2141
2142
2143
2144
2145
2146
2147
2148
2149
2150
2151
2152
2153
2154
2155
2156
2157
2158
2159
2160
2161
2162
2163
2164
2165
2166
2167
2168
2169
2170
2171
2172
2173
2174
2175
2176
2177
2178
2179
2180
2181
2182
2183
2184
2185
2186
2187
2188
2189
2190
2191
2192
2193
2194
2195
2196
2197
2198
2199
2200
2201
2202
2203
2204
2205
2206
2207
2208
2209
2210
2211
2212
2213
2214
2215
2216
2217
2218
2219
2220
2221
2222
2223
2224
2225
2226
2227
2228
2229
2230
2231
2232
2233
2234
2235
2236
2237
2238
2239
2240
2241
2242
2243
2244
2245
2246
2247
2248
2249
2250
2251
2252
2253
2254
2255
2256
2257
2258
2259
2260
2261
2262
2263
2264
2265
2266
2267
2268
2269
2270
2271
2272
2273
2274
2275
2276
2277
2278
2279
2280
2281
2282
2283
2284
2285
2286
2287
2288
2289
2290
2291
2292
2293
2294
2295
2296
2297
2298
2299
2300
2301
2302
2303
2304
2305
2306
2307
2308
2309
2310
2311
2312
2313
2314
2315
2316
2317
2318
2319
2320
2321
2322
2323
2324
2325
2326
2327
2328
2329
2330
2331
2332
2333
2334
2335
2336
2337
2338
2339
2340
2341
2342
2343
2344
2345
2346
2347
2348
2349
2350
2351
2352
2353
2354
2355
2356
2357
2358
2359
2360
2361
2362
2363
2364
2365
2366
2367
2368
2369
2370
2371
2372
2373
2374
2375
2376
2377
2378
2379
2380
2381
2382
2383
2384
2385
2386
2387
2388
2389
2390
2391
2392
2393
2394
2395
2396
2397
2398
2399
2400
2401
2402
2403
2404
2405
2406
2407
2408
2409
2410
2411
2412
2413
2414
2415
2416
2417
2418
2419
2420
2421
2422
2423
2424
2425
2426
2427
2428
2429
2430
2431
2432
2433
2434
2435
2436
2437
2438
2439
2440
2441
2442
2443
2444
2445
2446
2447
2448
2449
2450
2451
2452
2453
2454
2455
2456
2457
2458
2459
2460
2461
2462
2463
2464
2465
2466
2467
2468
2469
2470
2471
2472
2473
2474
2475
2476
2477
2478
2479
2480
2481
2482
2483
2484
2485
2486
2487
2488
2489
2490
2491
2492
2493
2494
2495
2496
2497
2498
2499
2500
2501
2502
2503
2504
2505
2506
2507
2508
2509
2510
2511
2512
2513
2514
2515
2516
2517
2518
2519
2520
2521
2522
2523
2524
2525
2526
2527
2528
2529
2530
2531
2532
2533
2534
2535
2536
2537
2538
2539
2540
2541
2542
2543
2544
2545
2546
2547
2548
2549
2550
2551
2552
2553
2554
2555
2556
2557
2558
2559
2560
2561
2562
2563
2564
2565
2566
2567
2568
2569
2570
2571
2572
2573
2574
2575
2576
2577
2578
2579
2580
2581
2582
2583
2584
2585
2586
2587
2588
2589
2590
2591
2592
2593
2594
2595
2596
2597
2598
2599
2600
2601
2602
2603
2604
2605
2606
2607
2608
2609
2610
2611
2612
2613
2614
2615
2616
2617
2618
2619
2620
2621
2622
2623
2624
2625
2626
2627
2628
2629
2630
2631
2632
2633
2634
2635
2636
2637
2638
2639
2640
2641
2642
2643
2644
2645
2646
2647
2648
2649
2650
2651
2652
2653
2654
2655
2656
2657
2658
2659
2660
2661
2662
2663
2664
2665
2666
2667
2668
2669
2670
2671
2672
2673
2674
2675
2676
2677
2678
2679
2680
2681
2682
2683
2684
2685
2686
2687
2688
2689
2690
2691
2692
2693
2694
2695
2696
2697
2698
2699
2700
2701
2702
2703
2704
2705
2706
2707
2708
2709
2710
2711
2712
2713
2714
2715
2716
2717
2718
2719
2720
2721
2722
2723
2724
2725
2726
2727
2728
2729
2730
2731
2732
2733
2734
2735
2736
2737
2738
2739
2740
2741
2742
2743
2744
2745
2746
2747
2748
2749
2750
2751
2752
2753
2754
2755
2756
2757
2758
2759
2760
2761
2762
2763
2764
2765
2766
2767
2768
2769
2770
2771
2772
2773
2774
2775
2776
2777
2778
2779
2780
2781
2782
2783
2784
2785
2786
2787
2788
2789
2790
2791
2792
2793
2794
2795
2796
2797
2798
2799
2800
2801
2802
2803
2804
2805
2806
2807
2808
2809
2810
2811
2812
2813
2814
2815
2816
2817
2818
2819
2820
2821
2822
2823
2824
2825
2826
2827
2828
2829
2830
2831
2832
2833
2834
2835
2836
2837
2838
2839
2840
2841
2842
2843
2844
2845
2846
2847
2848
2849
2850
2851
2852
2853
2854
2855
2856
2857
2858
2859
2860
2861
2862
2863
2864
2865
2866
2867
2868
2869
2870
2871
2872
2873
2874
2875
2876
2877
2878
2879
2880
2881
2882
2883
2884
2885
2886
2887
2888
2889
2890
2891
2892
2893
2894
2895
2896
2897
2898
2899
2900
2901
2902
2903
2904
2905
2906
2907
2908
2909
2910
2911
2912
2913
2914
2915
2916
2917
2918
2919
2920
2921
2922
2923
2924
2925
2926
2927
2928
2929
2930
2931
2932
2933
2934
2935
2936
2937
2938
2939
2940
2941
2942
2943
2944
2945
2946
2947
2948
2949
2950
2951
2952
2953
2954
2955
2956
2957
2958
2959
2960
2961
2962
2963
2964
2965
2966
2967
2968
2969
2970
2971
2972
2973
2974
2975
2976
2977
2978
2979
2980
2981
2982
2983
2984
2985
2986
2987
2988
2989
2990
2991
2992
2993
2994
2995
2996
2997
2998
2999
3000
3001
3002
3003
3004
3005
3006
3007
3008
3009
3010
3011
3012
3013
3014
3015
3016
3017
3018
3019
3020
3021
3022
3023
3024
3025
3026
3027
3028
3029
3030
3031
3032
3033
3034
3035
3036
3037
3038
3039
3040
3041
3042
3043
3044
3045
3046
3047
3048
3049
3050
3051
3052
3053
3054
3055
3056
3057
3058
3059
3060
3061
3062
3063
3064
3065
3066
3067
3068
3069
3070
3071
3072
3073
3074
3075
3076
3077
3078
3079
3080
3081
3082
3083
3084
3085
3086
3087
3088
3089
3090
3091
3092
3093
3094
3095
3096
3097
3098
3099
3100
3101
3102
3103
3104
3105
3106
3107
3108
3109
3110
3111
3112
3113
3114
3115
3116
3117
3118
3119
3120
3121
3122
3123
3124
3125
3126
3127
3128
3129
3130
3131
3132
3133
3134
3135
3136
3137
3138
3139
3140
3141
3142
3143
3144
3145
3146
3147
3148
3149
3150
3151
3152
3153
3154
3155
3156
3157
3158
3159
3160
3161
3162
3163
3164
3165
3166
3167
3168
3169
3170
3171
3172
3173
3174
3175
3176
3177
3178
3179
3180
3181
3182
3183
3184
3185
3186
3187
3188
3189
3190
3191
3192
3193
3194
3195
3196
3197
3198
3199
3200
3201
3202
3203
3204
3205
3206
3207
3208
3209
3210
3211
3212
3213
3214
3215
3216
3217
3218
3219
3220
3221
3222
3223
3224
3225
3226
3227
3228
3229
3230
3231
3232
3233
3234
3235
3236
3237
3238
3239
3240
3241
3242
3243
3244
3245
3246
3247
3248
3249
3250
3251
3252
3253
3254
3255
3256
3257
3258
3259
3260
3261
3262
3263
3264
3265
3266
3267
3268
3269
3270
3271
3272
3273
3274
3275
3276
3277
3278
3279
3280
3281
3282
3283
3284
3285
3286
3287
3288
3289
3290
3291
3292
3293
3294
3295
3296
3297
3298
3299
3300
3301
3302
3303
3304
3305
3306
3307
3308
3309
3310
3311
3312
3313
3314
3315
3316
3317
3318
3319
3320
3321
3322
3323
3324
3325
3326
3327
3328
3329
3330
3331
3332
3333
3334
3335
3336
3337
3338
3339
3340
3341
3342
3343
3344
3345
3346
3347
3348
3349
3350
3351
3352
3353
3354
3355
3356
3357
3358
3359
3360
3361
3362
3363
3364
3365
3366
3367
3368
3369
3370
3371
3372
3373
3374
3375
3376
3377
3378
3379
3380
3381
3382
3383
3384
3385
3386
3387
3388
3389
3390
3391
3392
3393
3394
3395
3396
3397
3398
3399
3400
3401
3402
3403
3404
3405
3406
3407
3408
3409
3410
3411
3412
3413
3414
3415
3416
3417
3418
3419
3420
3421
3422
3423
3424
3425
3426
3427
3428
3429
3430
3431
3432
3433
3434
3435
3436
3437
3438
3439
3440
3441
3442
3443
3444
3445
3446
3447
3448
3449
3450
3451
3452
3453
3454
3455
3456
3457
3458
3459
3460
3461
3462
3463
3464
3465
3466
3467
3468
3469
3470
3471
3472
3473
3474
3475
3476
3477
3478
3479
3480
3481
3482
3483
3484
3485
3486
3487
3488
3489
3490
3491
3492
3493
3494
3495
3496
3497
3498
3499
3500
3501
3502
3503
3504
3505
3506
3507
3508
3509
3510
3511
3512
3513
3514
3515
3516
3517
3518
3519
3520
3521
3522
3523
3524
3525
3526
3527
3528
3529
3530
3531
3532
3533
3534
3535
3536
3537
3538
3539
3540
3541
3542
3543
3544
3545
3546
3547
3548
3549
3550
3551
3552
3553
3554
3555
3556
3557
3558
3559
3560
3561
3562
3563
3564
3565
3566
3567
3568
3569
3570
3571
3572
3573
3574
3575
3576
3577
3578
3579
3580
3581
3582
3583
3584
3585
3586
3587
3588
3589
3590
3591
3592
3593
3594
3595
3596
3597
3598
3599
3600
3601
3602
3603
3604
3605
3606
3607
3608
3609
3610
3611
3612
3613
3614
3615
3616
3617
3618
3619
3620
3621
3622
3623
3624
3625
3626
3627
3628
3629
3630
3631
3632
3633
3634
3635
3636
3637
3638
3639
3640
3641
3642
3643
3644
3645
3646
3647
3648
3649
3650
3651
3652
3653
3654
3655
3656
3657
3658
3659
3660
3661
3662
3663
3664
3665
3666
3667
3668
3669
3670
3671
3672
3673
3674
3675
3676
3677
3678
3679
3680
3681
3682
3683
3684
3685
3686
3687
3688
3689
3690
3691
3692
3693
3694
3695
3696
3697
3698
3699
3700
3701
3702
3703
3704
3705
3706
3707
3708
3709
3710
3711
3712
3713
3714
3715
3716
3717
3718
3719
3720
3721
3722
3723
3724
3725
3726
3727
3728
3729
3730
3731
3732
3733
3734
3735
3736
3737
3738
3739
3740
3741
3742
3743
3744
3745
3746
3747
3748
3749
3750
3751
3752
3753
3754
3755
3756
3757
3758
3759
3760
3761
3762
3763
3764
3765
3766
3767
3768
3769
3770
3771
3772
3773
3774
3775
3776
3777
3778
3779
3780
3781
3782
3783
3784
3785
3786
3787
3788
3789
3790
3791
3792
3793
3794
3795
3796
3797
3798
3799
3800
3801
3802
3803
3804
3805
3806
3807
3808
3809
3810
3811
3812
3813
3814
3815
3816
3817
3818
3819
3820
3821
3822
3823
3824
3825
3826
3827
3828
3829
3830
3831
3832
3833
3834
3835
3836
3837
3838
3839
3840
3841
3842
3843
3844
3845
3846
3847
3848
3849
3850
3851
3852
3853
3854
3855
3856
3857
3858
3859
3860
3861
3862
3863
3864
3865
3866
3867
3868
3869
3870
3871
3872
3873
3874
3875
3876
3877
3878
3879
3880
3881
3882
3883
3884
3885
3886
3887
3888
3889
3890
3891
3892
3893
3894
3895
3896
3897
3898
3899
3900
3901
3902
3903
3904
3905
3906
3907
3908
3909
3910
3911
3912
3913
3914
3915
3916
3917
3918
3919
3920
3921
3922
3923
3924
3925
3926
3927
3928
3929
3930
3931
3932
3933
3934
3935
3936
3937
3938
3939
3940
3941
3942
3943
3944
3945
3946
3947
3948
3949
3950
3951
3952
3953
3954
3955
3956
3957
3958
3959
3960
3961
3962
3963
3964
3965
3966
3967
3968
3969
3970
3971
3972
3973
3974
3975
3976
3977
3978
3979
3980
3981
3982
3983
3984
3985
3986
3987
3988
3989
3990
3991
3992
3993
3994
3995
3996
3997
3998
3999
4000
4001
4002
4003
4004
4005
4006
4007
4008
4009
4010
4011
4012
4013
4014
4015
4016
4017
4018
4019
4020
4021
4022
4023
4024
4025
4026
4027
4028
4029
4030
4031
4032
4033
4034
4035
4036
4037
4038
4039
4040
4041
4042
4043
4044
4045
4046
4047
4048
4049
4050
4051
4052
4053
4054
4055
4056
4057
4058
4059
4060
4061
4062
4063
4064
4065
4066
4067
4068
4069
4070
4071
4072
4073
4074
4075
4076
4077
4078
4079
4080
4081
4082
4083
4084
4085
4086
4087
4088
4089
4090
4091
4092
4093
4094
4095
4096
4097
4098
4099
4100
4101
4102
4103
4104
4105
4106
4107
4108
4109
4110
4111
4112
4113
4114
4115
4116
4117
4118
4119
4120
4121
4122
4123
4124
4125
4126
4127
4128
4129
4130
4131
4132
4133
4134
4135
4136
4137
4138
4139
4140
4141
4142
4143
4144
4145
4146
4147
4148
4149
4150
4151
4152
4153
4154
4155
4156
4157
4158
4159
4160
4161
4162
4163
4164
4165
4166
4167
4168
4169
4170
4171
4172
4173
4174
4175
4176
4177
4178
4179
4180
4181
4182
4183
4184
4185
4186
4187
4188
4189
4190
4191
4192
4193
4194
4195
4196
4197
4198
4199
4200
4201
4202
4203
4204
4205
4206
4207
4208
4209
4210
4211
4212
4213
4214
4215
4216
4217
4218
4219
4220
4221
4222
4223
4224
4225
4226
4227
4228
4229
4230
4231
4232
4233
4234
4235
4236
4237
4238
4239
4240
4241
4242
4243
4244
4245
4246
4247
4248
4249
4250
4251
4252
4253
4254
4255
4256
4257
4258
4259
4260
4261
4262
4263
4264
4265
4266
4267
4268
4269
4270
4271
4272
4273
4274
4275
4276
4277
4278
4279
4280
4281
4282
4283
4284
4285
4286
4287
4288
4289
4290
4291
4292
4293
4294
4295
4296
4297
4298
4299
4300
4301
4302
4303
4304
4305
4306
4307
4308
4309
4310
4311
4312
4313
4314
4315
4316
4317
4318
4319
4320
4321
4322
4323
4324
4325
4326
4327
4328
4329
4330
4331
4332
4333
4334
4335
4336
4337
4338
4339
4340
4341
4342
4343
4344
4345
4346
4347
4348
4349
4350
4351
4352
4353
4354
4355
4356
4357
4358
4359
4360
4361
4362
4363
4364
4365
4366
4367
4368
4369
4370
4371
4372
4373
4374
4375
4376
4377
4378
4379
4380
4381
4382
4383
4384
4385
4386
4387
4388
4389
4390
4391
4392
4393
4394
4395
4396
4397
4398
4399
4400
4401
4402
4403
4404
4405
4406
4407
4408
4409
4410
4411
4412
4413
4414
4415
4416
4417
4418
4419
4420
4421
4422
4423
4424
4425
4426
4427
4428
4429
4430
4431
4432
4433
4434
4435
4436
4437
4438
4439
4440
4441
4442
4443
4444
4445
4446
4447
4448
4449
4450
4451
4452
4453
4454
4455
4456
4457
4458
4459
4460
4461
4462
4463
4464
4465
4466
4467
4468
4469
4470
4471
4472
4473
4474
4475
4476
4477
4478
4479
4480
4481
4482
4483
4484
4485
4486
4487
4488
4489
4490
4491
4492
4493
4494
4495
4496
4497
4498
4499
4500
4501
4502
4503
4504
4505
4506
4507
4508
4509
4510
4511
4512
4513
4514
4515
4516
4517
4518
4519
4520
4521
4522
4523
4524
4525
4526
4527
4528
4529
4530
4531
4532
4533
4534
4535
4536
4537
4538
4539
4540
4541
4542
4543
4544
4545
4546
4547
4548
4549
4550
4551
4552
4553
4554
4555
4556
4557
4558
4559
4560
4561
4562
4563
4564
4565
4566
4567
4568
4569
4570
4571
4572
4573
4574
4575
4576
4577
4578
4579
4580
4581
4582
4583
4584
4585
4586
4587
4588
4589
4590
4591
4592
4593
4594
4595
4596
4597
4598
4599
4600
4601
4602
4603
4604
4605
4606
4607
4608
4609
4610
4611
4612
4613
4614
4615
4616
4617
4618
4619
4620
4621
4622
4623
4624
4625
4626
4627
4628
4629
4630
4631
4632
4633
4634
4635
4636
4637
4638
4639
4640
4641
4642
4643
4644
4645
4646
4647
4648
4649
4650
4651
4652
4653
4654
4655
4656
4657
4658
4659
4660
4661
4662
4663
4664
4665
4666
4667
4668
4669
4670
4671
4672
4673
4674
4675
4676
4677
4678
4679
4680
4681
4682
4683
4684
4685
4686
4687
4688
4689
4690
4691
4692
4693
4694
4695
4696
4697
4698
4699
4700
4701
4702
4703
4704
4705
4706
4707
4708
4709
4710
4711
4712
4713
4714
4715
4716
4717
4718
4719
4720
4721
4722
4723
4724
4725
4726
4727
4728
4729
4730
4731
4732
4733
4734
4735
4736
4737
4738
4739
4740
4741
4742
4743
4744
4745
4746
4747
4748
4749
4750
4751
4752
4753
4754
4755
4756
4757
4758
4759
4760
4761
4762
4763
4764
4765
4766
4767
4768
4769
4770
4771
4772
4773
4774
4775
4776
4777
4778
4779
4780
4781
4782
4783
4784
4785
4786
4787
4788
4789
4790
4791
4792
4793
4794
4795
4796
4797
4798
4799
4800
4801
4802
4803
4804
4805
4806
4807
4808
4809
4810
4811
4812
4813
4814
4815
4816
4817
4818
4819
4820
4821
4822
4823
4824
4825
4826
4827
4828
4829
4830
4831
4832
4833
4834
4835
4836
4837
4838
4839
4840
4841
4842
4843
4844
4845
4846
4847
4848
4849
4850
4851
4852
4853
4854
4855
4856
4857
4858
4859
4860
4861
4862
4863
4864
4865
4866
4867
4868
4869
4870
4871
4872
4873
4874
4875
4876
4877
4878
4879
4880
4881
4882
4883
4884
4885
4886
4887
4888
4889
4890
4891
4892
4893
4894
4895
4896
4897
4898
4899
4900
4901
4902
4903
4904
4905
4906
4907
4908
4909
4910
4911
4912
4913
4914
4915
4916
4917
4918
4919
4920
4921
4922
4923
4924
4925
4926
4927
4928
4929
4930
4931
4932
4933
4934
4935
4936
4937
4938
4939
4940
4941
4942
4943
4944
4945
4946
4947
4948
4949
4950
4951
4952
4953
4954
4955
4956
4957
4958
4959
4960
4961
4962
4963
4964
4965
4966
4967
4968
4969
4970
4971
4972
4973
4974
4975
4976
4977
4978
4979
4980
4981
4982
4983
4984
4985
4986
4987
4988
4989
4990
4991
4992
4993
4994
4995
4996
4997
4998
4999
5000
5001
5002
5003
5004
5005
5006
5007
5008
5009
5010
5011
5012
5013
5014
5015
5016
5017
5018
5019
5020
5021
5022
5023
5024
5025
5026
5027
5028
5029
5030
5031
5032
5033
5034
5035
5036
5037
5038
5039
5040
5041
5042
5043
5044
5045
5046
5047
5048
5049
5050
5051
5052
5053
5054
5055
5056
5057
5058
5059
5060
5061
5062
5063
5064
5065
5066
5067
5068
5069
5070
5071
5072
5073
5074
5075
5076
5077
5078
5079
5080
5081
5082
5083
5084
5085
5086
5087
5088
5089
5090
5091
5092
5093
5094
5095
5096
5097
5098
5099
5100
5101
5102
5103
5104
5105
5106
5107
5108
5109
5110
5111
5112
5113
5114
5115
5116
5117
5118
5119
5120
5121
5122
5123
5124
5125
5126
5127
5128
5129
5130
5131
5132
5133
5134
5135
5136
5137
5138
5139
5140
5141
5142
5143
5144
5145
5146
5147
5148
5149
5150
5151
5152
5153
5154
5155
5156
5157
5158
5159
5160
5161
5162
5163
5164
5165
5166
5167
5168
5169
5170
5171
5172
5173
5174
5175
5176
5177
5178
5179
5180
5181
5182
5183
5184
5185
5186
5187
5188
5189
5190
5191
5192
5193
5194
5195
5196
5197
5198
5199
5200
5201
5202
5203
5204
5205
5206
5207
5208
5209
5210
5211
5212
5213
5214
5215
5216
5217
5218
5219
5220
5221
5222
5223
5224
5225
5226
5227
5228
5229
5230
5231
5232
5233
5234
5235
5236
5237
5238
5239
5240
5241
5242
5243
5244
5245
5246
5247
5248
5249
5250
5251
5252
5253
5254
5255
5256
5257
5258
5259
5260
5261
5262
5263
5264
5265
5266
5267
5268
5269
5270
5271
5272
5273
5274
5275
5276
5277
5278
5279
5280
5281
5282
5283
5284
5285
5286
5287
5288
5289
5290
5291
5292
5293
5294
5295
5296
5297
5298
5299
5300
5301
5302
5303
5304
5305
5306
5307
5308
5309
5310
5311
5312
5313
5314
5315
5316
5317
5318
5319
5320
5321
5322
5323
5324
5325
5326
5327
5328
5329
5330
5331
5332
5333
5334
5335
5336
5337
5338
5339
5340
5341
5342
5343
5344
5345
5346
5347
5348
5349
5350
5351
5352
5353
5354
5355
5356
5357
5358
5359
5360
5361
5362
5363
5364
5365
5366
5367
5368
5369
5370
5371
5372
5373
5374
5375
5376
5377
5378
5379
5380
5381
5382
5383
5384
5385
5386
5387
5388
5389
5390
5391
5392
5393
5394
5395
5396
5397
5398
5399
5400
5401
5402
5403
5404
5405
5406
5407
5408
5409
5410
5411
5412
5413
5414
5415
5416
5417
5418
5419
5420
5421
5422
5423
5424
5425
5426
5427
5428
5429
5430
5431
5432
5433
5434
5435
5436
5437
5438
5439
5440
5441
5442
5443
5444
5445
5446
5447
5448
5449
5450
5451
5452
5453
5454
5455
5456
5457
5458
5459
5460
5461
5462
5463
5464
5465
5466
5467
5468
5469
5470
5471
5472
5473
5474
5475
5476
5477
5478
5479
5480
5481
5482
5483
5484
5485
5486
5487
5488
5489
5490
5491
5492
5493
5494
5495
5496
5497
5498
5499
5500
5501
5502
5503
5504
5505
5506
5507
5508
5509
5510
5511
5512
5513
5514
5515
5516
5517
5518
5519
5520
5521
5522
5523
5524
5525
5526
5527
5528
5529
5530
5531
5532
5533
5534
5535
5536
5537
5538
5539
5540
5541
5542
5543
5544
5545
5546
5547
5548
5549
5550
5551
5552
5553
5554
5555
5556
5557
5558
5559
5560
5561
5562
5563
5564
5565
5566
5567
5568
5569
5570
5571
5572
5573
5574
5575
5576
5577
5578
5579
5580
5581
5582
5583
5584
5585
5586
5587
5588
5589
5590
5591
5592
5593
5594
5595
5596
5597
5598
5599
5600
5601
5602
5603
5604
5605
5606
5607
5608
5609
5610
5611
5612
5613
5614
5615
5616
5617
5618
5619
5620
5621
5622
5623
5624
5625
5626
5627
5628
5629
5630
5631
5632
5633
5634
5635
5636
5637
5638
5639
5640
5641
5642
5643
5644
5645
5646
5647
5648
5649
5650
5651
5652
5653
5654
5655
5656
5657
5658
5659
5660
5661
5662
5663
5664
5665
5666
5667
5668
5669
5670
5671
5672
5673
5674
5675
5676
5677
5678
5679
5680
5681
5682
5683
5684
5685
5686
5687
5688
5689
5690
5691
5692
5693
5694
5695
5696
5697
5698
5699
5700
5701
5702
5703
5704
5705
5706
5707
5708
5709
5710
5711
5712
5713
5714
5715
5716
5717
5718
5719
5720
5721
5722
5723
5724
5725
5726
5727
5728
5729
5730
5731
5732
5733
5734
5735
5736
5737
5738
5739
5740
5741
5742
5743
5744
5745
5746
5747
5748
5749
5750
5751
5752
5753
5754
5755
5756
5757
5758
5759
5760
5761
5762
5763
5764
5765
5766
5767
5768
5769
5770
5771
5772
5773
5774
5775
5776
5777
5778
5779
5780
5781
5782
5783
5784
5785
5786
5787
5788
5789
5790
5791
5792
5793
5794
5795
5796
5797
5798
5799
5800
5801
5802
5803
5804
5805
5806
5807
5808
5809
5810
5811
5812
5813
5814
5815
5816
5817
5818
5819
5820
5821
5822
5823
5824
5825
5826
5827
5828
5829
5830
5831
5832
5833
5834
5835
5836
5837
5838
5839
5840
5841
5842
5843
5844
5845
5846
5847
5848
5849
5850
5851
5852
5853
5854
5855
5856
5857
5858
5859
5860
5861
5862
5863
5864
5865
5866
5867
5868
5869
5870
5871
5872
5873
5874
5875
5876
5877
5878
5879
5880
5881
5882
5883
5884
5885
5886
5887
5888
5889
5890
5891
5892
5893
5894
5895
5896
5897
5898
5899
5900
5901
5902
5903
5904
5905
5906
5907
5908
5909
5910
5911
5912
5913
5914
5915
5916
5917
5918
5919
5920
5921
5922
5923
5924
5925
5926
5927
5928
5929
5930
5931
5932
5933
5934
5935
5936
5937
5938
5939
5940
5941
5942
5943
5944
5945
5946
5947
5948
5949
5950
5951
5952
5953
5954
5955
5956
5957
5958
5959
5960
5961
5962
5963
5964
5965
5966
5967
5968
5969
5970
5971
5972
5973
5974
5975
5976
5977
5978
5979
5980
5981
5982
5983
5984
5985
5986
5987
5988
5989
5990
5991
5992
5993
5994
5995
5996
5997
5998
5999
6000
6001
6002
6003
6004
6005
6006
6007
6008
6009
6010
6011
6012
6013
6014
6015
6016
6017
6018
6019
6020
6021
6022
6023
6024
6025
6026
6027
6028
6029
6030
6031
6032
6033
6034
6035
6036
6037
6038
6039
6040
6041
6042
6043
6044
6045
6046
6047
6048
6049
6050
6051
6052
6053
6054
6055
6056
6057
6058
6059
6060
6061
6062
6063
6064
6065
6066
6067
6068
6069
6070
6071
6072
6073
6074
6075
6076
6077
6078
6079
6080
6081
6082
6083
6084
6085
6086
6087
6088
6089
6090
6091
6092
6093
6094
6095
6096
6097
6098
6099
6100
6101
6102
6103
6104
6105
6106
6107
6108
6109
6110
6111
6112
6113
6114
6115
6116
6117
6118
6119
6120
6121
6122
6123
6124
6125
6126
6127
6128
6129
6130
6131
6132
6133
6134
6135
6136
6137
6138
6139
6140
6141
6142
6143
6144
6145
6146
6147
6148
6149
6150
6151
6152
6153
6154
6155
6156
6157
6158
6159
6160
6161
6162
6163
6164
6165
6166
6167
6168
6169
6170
6171
6172
6173
6174
6175
6176
6177
6178
6179
6180
6181
6182
6183
6184
6185
6186
6187
6188
6189
6190
6191
6192
6193
6194
6195
6196
6197
6198
6199
6200
6201
6202
6203
6204
6205
6206
6207
6208
6209
6210
6211
6212
6213
6214
6215
6216
6217
6218
6219
6220
6221
6222
6223
6224
6225
6226
6227
6228
6229
6230
6231
6232
6233
6234
6235
6236
6237
6238
6239
6240
6241
6242
6243
6244
6245
6246
6247
6248
6249
6250
6251
6252
6253
6254
6255
6256
6257
6258
6259
6260
6261
6262
6263
6264
6265
6266
6267
6268
6269
6270
6271
6272
6273
6274
6275
6276
6277
6278
6279
6280
6281
6282
6283
6284
6285
6286
6287
6288
6289
6290
6291
6292
6293
6294
6295
6296
6297
6298
6299
6300
6301
6302
6303
6304
6305
6306
6307
6308
6309
6310
6311
6312
6313
6314
6315
6316
6317
6318
6319
6320
6321
6322
6323
6324
6325
6326
6327
6328
6329
6330
6331
6332
6333
6334
6335
6336
6337
6338
6339
6340
6341
6342
6343
6344
6345
6346
6347
6348
6349
6350
6351
6352
6353
6354
6355
6356
6357
6358
6359
6360
6361
6362
6363
6364
6365
6366
6367
6368
6369
6370
6371
6372
6373
6374
6375
6376
6377
6378
6379
6380
6381
6382
6383
6384
6385
6386
6387
6388
6389
6390
6391
6392
6393
6394
6395
6396
6397
6398
6399
6400
6401
6402
6403
6404
6405
6406
6407
6408
6409
6410
6411
6412
6413
6414
6415
6416
6417
6418
6419
6420
6421
6422
6423
6424
6425
6426
6427
6428
6429
6430
6431
6432
6433
6434
6435
6436
6437
6438
6439
6440
6441
6442
6443
6444
6445
6446
6447
6448
6449
6450
6451
6452
6453
6454
6455
6456
6457
6458
6459
6460
6461
6462
6463
6464
6465
6466
6467
6468
6469
6470
6471
6472
6473
6474
6475
6476
6477
6478
6479
6480
6481
6482
6483
6484
6485
6486
6487
6488
6489
6490
6491
6492
6493
6494
6495
6496
6497
6498
6499
6500
6501
6502
6503
6504
6505
6506
6507
6508
6509
6510
6511
6512
6513
6514
6515
6516
6517
6518
6519
6520
6521
6522
6523
6524
6525
6526
6527
6528
6529
6530
6531
6532
6533
6534
6535
6536
6537
6538
6539
6540
6541
6542
6543
6544
6545
6546
6547
6548
6549
6550
6551
6552
6553
6554
6555
6556
6557
6558
6559
6560
6561
6562
6563
6564
6565
6566
6567
6568
6569
6570
6571
6572
6573
6574
6575
6576
6577
6578
6579
6580
6581
6582
6583
6584
6585
6586
6587
6588
6589
6590
6591
6592
6593
6594
6595
6596
6597
6598
6599
6600
6601
6602
6603
6604
6605
6606
6607
6608
6609
6610
6611
6612
6613
6614
6615
6616
6617
6618
6619
6620
6621
6622
6623
6624
6625
6626
6627
6628
6629
6630
6631
6632
6633
6634
6635
6636
6637
6638
6639
6640
6641
6642
6643
6644
6645
6646
6647
6648
6649
6650
6651
6652
6653
6654
6655
6656
6657
6658
6659
6660
6661
6662
6663
6664
6665
6666
6667
6668
6669
6670
6671
6672
6673
6674
6675
6676
6677
6678
6679
6680
6681
6682
6683
6684
6685
6686
6687
6688
6689
6690
6691
6692
6693
6694
6695
6696
6697
6698
6699
6700
6701
6702
6703
6704
6705
6706
6707
6708
6709
6710
6711
6712
6713
6714
6715
6716
6717
6718
6719
6720
6721
6722
6723
6724
6725
6726
6727
6728
6729
6730
6731
6732
6733
6734
6735
6736
6737
6738
6739
6740
6741
6742
6743
6744
6745
6746
6747
6748
6749
6750
6751
6752
6753
6754
6755
6756
6757
6758
6759
6760
6761
6762
6763
6764
6765
6766
6767
6768
6769
6770
6771
6772
6773
6774
6775
6776
6777
6778
6779
6780
6781
6782
6783
6784
6785
6786
6787
6788
6789
6790
6791
6792
6793
6794
6795
6796
6797
6798
6799
6800
6801
6802
6803
6804
6805
6806
6807
6808
6809
6810
6811
6812
6813
6814
6815
6816
6817
6818
6819
6820
6821
6822
6823
6824
6825
6826
6827
6828
6829
6830
6831
6832
6833
6834
6835
6836
6837
6838
6839
6840
6841
6842
6843
6844
6845
6846
6847
6848
6849
6850
6851
6852
6853
6854
6855
6856
6857
6858
6859
6860
6861
6862
6863
6864
6865
6866
6867
6868
6869
6870
6871
6872
6873
6874
6875
6876
6877
6878
6879
6880
6881
6882
6883
6884
6885
6886
6887
6888
6889
6890
6891
6892
6893
6894
6895
6896
6897
6898
6899
6900
6901
6902
6903
6904
6905
6906
6907
6908
6909
6910
6911
6912
6913
6914
6915
6916
6917
6918
6919
6920
6921
6922
6923
6924
6925
6926
6927
6928
6929
6930
6931
6932
6933
6934
6935
6936
6937
6938
6939
6940
6941
6942
6943
6944
6945
6946
6947
6948
6949
6950
6951
6952
6953
6954
6955
6956
6957
6958
6959
6960
6961
6962
6963
6964
6965
6966
6967
6968
6969
6970
6971
6972
6973
6974
6975
6976
6977
6978
6979
6980
6981
6982
6983
6984
6985
6986
6987
6988
6989
6990
6991
6992
6993
6994
6995
6996
6997
6998
6999
7000
7001
7002
7003
7004
7005
7006
7007
7008
7009
7010
7011
7012
7013
7014
7015
7016
7017
7018
7019
7020
7021
7022
7023
7024
7025
7026
7027
7028
7029
7030
7031
7032
7033
7034
7035
7036
7037
7038
7039
7040
7041
7042
7043
7044
7045
7046
7047
7048
7049
7050
7051
7052
7053
7054
7055
7056
7057
7058
7059
7060
7061
7062
7063
7064
7065
7066
7067
7068
7069
7070
7071
7072
7073
7074
7075
7076
7077
7078
7079
7080
7081
7082
7083
7084
7085
7086
7087
7088
7089
7090
7091
7092
7093
7094
7095
7096
7097
7098
7099
7100
7101
7102
7103
7104
7105
7106
7107
7108
7109
7110
7111
7112
7113
7114
7115
7116
7117
7118
7119
7120
7121
7122
7123
7124
7125
7126
7127
7128
7129
7130
7131
7132
7133
7134
7135
7136
7137
7138
7139
7140
7141
7142
7143
7144
7145
7146
7147
7148
7149
7150
7151
7152
7153
7154
7155
7156
7157
7158
7159
7160
7161
7162
7163
7164
7165
7166
7167
7168
7169
7170
7171
7172
7173
7174
7175
7176
7177
7178
7179
7180
7181
7182
7183
7184
7185
7186
7187
7188
7189
7190
7191
7192
7193
7194
7195
7196
7197
7198
7199
7200
7201
7202
7203
7204
7205
7206
7207
7208
7209
7210
7211
7212
7213
7214
7215
7216
7217
7218
7219
7220
7221
7222
7223
7224
7225
7226
7227
7228
7229
7230
7231
7232
7233
7234
7235
7236
7237
7238
7239
7240
7241
7242
7243
7244
7245
7246
7247
7248
7249
7250
7251
7252
7253
7254
7255
7256
7257
7258
7259
7260
7261
7262
7263
7264
7265
7266
7267
7268
7269
7270
7271
7272
7273
7274
7275
7276
7277
7278
7279
7280
7281
7282
7283
7284
7285
7286
7287
7288
7289
7290
7291
7292
7293
7294
7295
7296
7297
7298
7299
7300
7301
7302
7303
7304
7305
7306
7307
7308
7309
7310
7311
7312
7313
7314
7315
7316
7317
7318
7319
7320
7321
7322
7323
7324
7325
7326
7327
7328
7329
7330
7331
7332
7333
7334
7335
7336
7337
7338
7339
7340
7341
7342
7343
7344
7345
7346
7347
7348
7349
7350
7351
7352
7353
7354
7355
7356
7357
7358
7359
7360
7361
7362
7363
7364
7365
7366
7367
7368
7369
7370
7371
7372
7373
7374
7375
7376
7377
7378
7379
7380
7381
7382
7383
7384
7385
7386
7387
7388
7389
7390
7391
7392
7393
7394
7395
7396
7397
7398
7399
7400
7401
7402
7403
7404
7405
7406
7407
7408
7409
7410
7411
7412
7413
7414
7415
7416
7417
7418
7419
7420
7421
7422
7423
7424
7425
7426
7427
7428
7429
7430
7431
7432
7433
7434
7435
7436
7437
7438
7439
7440
7441
7442
7443
7444
7445
7446
7447
7448
7449
7450
7451
7452
7453
7454
7455
7456
7457
7458
7459
7460
7461
7462
7463
7464
7465
7466
7467
7468
7469
7470
7471
7472
7473
7474
7475
7476
7477
7478
7479
7480
7481
7482
7483
7484
7485
7486
7487
7488
7489
7490
7491
7492
7493
7494
7495
7496
7497
7498
7499
7500
1381
28825
13206
25663
3864
6912
18718
9144
5563
26665
11688
17474
13025
22701
14209
31434
24658
30080
10460
10628
15618
20757
15466
2608
7747
9161
24618
19867
16697
1918
4739
21608
12430
5766
5520
25872
12904
29124
27835
808
21144
29197
22669
19427
23829
2260
17604
31703
23720
5127
23718
516
29160
10548
14742
17426
5737
7152
24549
30682
8241
17273
32234
13864
6507
17306
8533
10943
16480
23759
22208
1438
17314
1962
26503
4482
3722
24437
10714
5036
14821
8217
5904
22756
29931
15167
7230
5054
31345
18612
22793
28700
26207
22034
16568
32756
32611
22941
20878
25940
18663
19563
22102
23971
28993
12232
26175
4649
28714
472
5866
20946
26994
25982
5314
6190
10226
381
5516
1469
17601
23261
22846
11626
20139
11921
11541
23381
1502
3670
9442
14549
32743
17630
32421
29118
18397
17710
25692
16095
20188
10565
29
31183
16565
1022
5731
7658
4324
2615
6822
23190
21443
22323
29230
6859
14333
20541
22824
9682
13380
27534
7674
15692
15687
24177
9940
23671
6110
30373
30087
31917
7048
8963
7579
813
31000
28512
24731
15390
22955
30645
25780
1745
27101
5758
14719
5959
9533
21087
7962
28915
30206
20237
17277
32448
31983
17772
27147
27734
5549
18165
12648
9369
27414
20571
27531
6515
12290
28526
15380
14548
20526
63
28895
13047
11641
17797
18649
30182
15699
24639
7442
576
6770
27291
8212
32058
24262
14871
10100
9188
22960
3302
13222
942
30319
9877
10773
7210
26331
8174
30067
19987
26197
28189
78
15247
10494
25873
15845
32177
19239
14629
13625
21314
21769
17408
16999
11457
9910
4281
564
14760
24656
29503
7146
23281
6777
12025
23907
7897
778
28841
23907
10724
12808
8086
6187
12577
19156
18922
14922
27055
15777
12377
3511
4480
15659
13571
15645
30045
15527
12700
24950
6186
2549
30922
3547
24428
22557
1742
19866
26888
19961
9575
18570
28237
27951
1779
411
22581
25955
7384
25521
26856
10154
11554
4275
7810
20033
27502
9950
13078
11391
6406
28768
24051
6920
28749
12578
14886
21572
24414
1765
30272
29967
22000
3984
12633
30130
10877
18888
10580
12050
23203
25538
7781
16424
10954
27733
4049
26545
26887
6740
13813
9767
22336
7706
23946
15343
145
12646
2087
22484
32239
22890
30215
2484
28171
3870
32013
19833
9337
16858
20741
16971
21522
26660
8493
25093
14487
4807
12020
19685
919
13861
16897
32135
4242
7629
7543
30996
9310
15952
23160
20407
15306
22865
19432
336
11650
10204
20339
6765
9010
32505
12241
7542
11758
8832
31816
3111
31186
14894
31091
9539
25829
7417
3907
10887
32067
26273
22595
17117
10876
2952
13856
19667
1591
24259
3944
13643
10267
15985
6802
9844
26863
23115
23103
8953
24831
18557
11967
24952
9666
23733
8407
31797
2747
30073
18881
18704
27037
13245
31861
28084
13746
20661
5159
1042
24189
1512
3089
25358
17823
15238
17522
24439
19447
28923
6359
6461
14861
5060
11161
10462
1969
14465
2727
16674
18143
27212
4485
6408
13798
1098
11413
12800
15561
18815
24982
20058
23014
12007
16746
11263
16853
3010
10012
22367
13971
9263
26657
10922
23008
16892
23006
19779
32485
20413
20587
18290
16154
10779
31383
32345
22119
7023
16172
11305
2698
13712
32628
10389
8632
32232
25339
5511
11399
8142
4247
17426
9995
6416
30886
26025
13631
5326
5271
23950
32423
26767
16300
18060
27956
26510
3325
233
21352
85
16065
23703
15802
22669
17097
13226
29500
23317
22605
2319
27003
27729
17131
32634
12199
14533
12013
15520
5364
20962
10955
3239
3647
3359
23024
23002
7925
22860
17601
19618
18737
32291
27100
10161
18724
31265
29853
13441
8122
29332
15591
21501
12410
27124
29729
1918
30383
12406
9086
1528
5573
17119
24450
12662
18677
2966
21698
195
30245
14846
4587
12650
26633
9218
13061
21985
29583
26098
20985
5122
3194
13453
24657
10170
3404
5471
20032
32261
13930
29005
8930
31770
10363
13678
27076
18146
24081
30236
6567
7855
26763
18507
22657
9003
29754
17690
16581
5007
22466
27560
3044
24341
12995
21801
17940
6575
24505
28473
28496
10489
15649
12399
11680
15724
4574
31542
29850
27605
4314
8920
17961
31494
16368
18140
28813
14796
17930
30866
28067
28961
25734
24300
18279
18082
8159
19599
9655
9027
23433
31786
26970
29249
27932
26375
30784
19544
27317
27104
7947
25399
14489
11251
11215
16689
6684
31832
9750
12597
18882
6547
18472
25344
23715
5990
7561
8081
29972
22249
27330
8669
2179
17628
16996
26565
15523
21051
27467
3909
8138
23315
31776
5102
16535
28565
20513
150
26839
13160
14629
26958
32681
18244
4826
16788
22241
28861
6994
25290
26539
29788
13502
22247
17009
22004
29817
15213
13822
29491
9032
20635
29155
11384
4832
2275
10265
4068
27816
11422
29161
15028
24001
26111
31753
25806
17476
18757
15880
19097
16842
11573
16619
26898
22322
26568
14617
16413
28062
17185
30580
3864
28863
16065
30153
16310
24147
28926
618
29451
28395
7345
20249
25827
15346
20272
26408
6488
1771
6780
20703
2212
1530
16315
24094
15667
22950
24040
28739
6141
4061
30921
13134
12050
22584
27681
5188
31350
19841
7976
30417
17200
30835
3128
28208
2206
28608
28873
32080
20491
14681
14751
8751
4739
20713
32578
12426
15590
30626
9903
16313
30268
12605
31309
12245
8264
4668
20258
2587
18016
17267
2631
16533
28284
24262
6809
4343
140
2356
15026
3783
14351
28181
3864
6336
21473
32671
29875
15737
30804
8367
4997
21314
30595
7111
2453
18254
29667
2898
16940
26648
4379
5936
19780
12031
10006
11118
19262
19763
11094
3157
16595
32725
17547
27559
26445
28506
15460
25381
19703
7729
17317
30804
22994
10917
15482
3457
3209
26628
32522
25603
935
4865
19536
5056
9992
9559
25382
7155
1421
3247
27555
28972
15124
18628
11431
11416
29352
13509
16308
16514
22772
32763
14080
22042
4862
6571
27080
14453
3346
5182
23270
28886
13819
17311
28070
30764
31354
6885
23766
8667
5360
3378
10268
9151
1374
30170
27533
24430
17807
19400
21882
20670
3476
9246
11917
17800
15473
18460
10261
17067
14614
25155
25759
14931
24465
1722
28358
30587
20097
6896
4684
25264
10446
24707
19305
1048
8087
10081
16482
26292
22636
27437
31070
16610
958
24548
19062
1574
14227
12736
9227
17961
25214
31836
15708
32002
27343
15642
19799
14517
19975
17602
17840
14329
21647
27755
17457
26175
11689
4511
11857
22767
1958
7610
11015
12789
30810
7315
28384
2940
18893
9822
3664
20729
32563
8401
19013
10604
9758
7046
2818
22243
18419
19361
32043
12095
3994
27314
1308
4666
30586
31965
31871
169
5029
16952
28190
14591
19535
22388
17397
32019
7301
18880
7052
25891
10524
8682
13444
25624
17383
10951
11631
24843
12077
30422
741
2569
13657
26912
1236
17427
26868
17762
13847
23657
8401
2926
19018
24329
1159
8655
13789
13938
15652
5036
1128
30893
7712
26095
26942
1422
23184
18341
15941
23096
6812
8616
25861
15839
1331
18812
15870
11218
4606
23416
10815
7864
14226
38
19252
8473
18921
8428
29888
18209
7443
20459
1419
30113
16425
26407
6558
6743
25731
8936
19245
14703
17706
15201
30131
29769
8848
16784
12101
28029
9855
17253
27679
11805
17488
31526
132
28730
26973
3602
29893
29353
4537
7749
24479
14854
5406
13275
15049
25338
16422
16728
26062
27066
3518
18248
19225
2768
5336
23330
23374
8478
32353
5490
21217
9504
6003
11063
32225
12657
21451
13962
28180
12433
21629
29313
22345
6117
18150
28243
1514
21503
12259
31677
9169
18976
30528
23716
16220
4859
18292
29691
18628
21180
5515
32231
31146
21065
25955
4897
23283
15816
7707
31645
23766
11361
713
5225
13619
21829
9067
19671
30759
5615
23073
32478
7901
11690
10393
9918
28839
21075
2506
15843
589
608
3045
15628
16293
14369
18056
2476
13155
25158
309
21136
307
17826
7684
8131
17925
11310
7316
6575
21160
1361
18759
19332
29851
23390
27823
25822
16672
16991
3907
16034
5777
9233
9559
10024
18423
3375
14155
14752
9945
24563
23042
17582
24402
4059
2965
1112
23142
19113
18505
13090
6806
12973
27583
13943
18098
3654
12907
27211
22255
4263
28487
20479
6202
8151
18889
9349
31179
15355
6162
8644
22780
27608
10600
28478
16220
21140
5350
1520
18175
21180
24690
2937
6425
25228
5104
26751
15051
30058
3253
7759
7229
7859
9535
8131
7661
20922
1315
12649
71
25358
11590
5345
29045
12028
5200
903
11640
2389
26462
15443
25720
23154
17144
10493
23384
3444
30786
24164
31374
13264
12918
31792
16178
524
4241
12214
16980
2499
1869
24093
19091
21743
8016
14783
7147
18024
25507
18130
31183
25511
5221
4936
3960
27600
29121
9715
12924
24560
13085
26861
13218
24706
32404
4919
12789
1081
29863
21920
9239
3065
9263
20201
3032
6182
31382
2854
2055
17186
1095
4711
14473
17681
4451
19096
10407
1248
4790
12454
13228
14981
17129
11492
6064
1672
28665
1708
10927
8898
30952
15177
26078
4197
21426
15380
15166
26428
12162
22494
26993
10804
1830
21390
16845
17692
14272
30219
5295
6057
28607
2909
14353
12733
2574
8975
23647
9448
10635
3543
9095
3888
10427
24185
11856
17165
12732
29160
5100
12472
4731
17070
30672
29861
8487
2959
12739
12110
17637
32105
15413
2611
30405
3167
23763
3615
20212
6198
15192
11948
29236
29695
23206
12041
29578
4343
10261
17403
32310
20651
5387
5922
23528
16992
28365
3966
11057
20401
26772
818
23096
7290
3044
13959
14766
7669
793
19507
15364
11555
29251
2780
13531
6254
21043
7128
11452
30860
470
10039
7433
19622
450
28931
10291
8634
3599
23494
8750
18750
2664
29773
32034
25350
29793
27308
28260
15975
20491
7298
24484
22173
17095
5246
104
28266
20567
8994
3001
3840
28219
29895
5659
28193
24890
18658
30659
32645
6463
11909
9989
13692
32614
27177
5900
13524
27223
26794
28365
32765
11475
25491
11325
23915
29324
6812
1986
32060
24378
18033
11240
8731
9195
10421
5462
20836
32410
23879
12032
20104
22532
20676
32414
26036
29623
77
30044
18861
26220
26250
14547
2303
18070
14830
30776
24150
19259
24637
8659
24620
19715
15180
3251
21412
23951
13065
27297
9910
26891
8378
5714
21901
5639
32650
4577
16173
22402
1601
18812
11609
25928
3667
28253
5044
3711
27676
32251
18982
6780
7274
18818
18049
11227
27452
4481
6501
22990
30665
2531
12897
29621
14788
23073
12122
8943
27615
28086
15153
24304
32654
10450
16288
26516
32269
21842
28261
14771
31396
23536
26019
12790
31274
7607
29573
20969
29640
443
15652
23377
20223
2822
19627
13759
748
2773
19129
21093
15051
17157
26374
553
9147
3272
13386
29176
18368
22428
31578
16733
6670
5246
18836
26450
6277
24922
15998
22870
9848
2247
23722
10431
1202
10737
25053
2642
2747
7382
27247
31761
1367
26294
25589
32084
24144
21188
4894
3355
29045
802
12507
25251
13027
3596
25283
5175
2691
31572
4789
8265
2260
13838
27071
3265
22763
18060
29246
4245
5048
26765
9543
31642
22666
20913
26438
20634
20181
15408
14309
17830
30004
2508
6448
7853
25002
4868
29174
5710
22317
30347
28530
18667
21605
31992
10794
22015
32689
25791
4632
11185
5227
10848
26120
12457
13677
8414
14913
16418
18643
28275
21095
11328
16643
16770
21152
15012
30443
20941
3062
20287
31114
488
26621
14691
30386
13550
14261
22304
8460
11378
27057
717
14172
696
27513
32485
4358
5413
14894
21525
21458
29429
26220
21906
14060
9260
3956
16304
30511
23759
6539
9393
24738
28755
9117
7130
4419
6486
38
26317
22788
27021
13651
274
23316
30206
18532
19959
21599
4975
22612
22682
11096
14110
19388
23108
11510
20402
5621
31480
6908
10866
22396
76
28542
14517
23963
24184
31137
18841
17734
24493
14242
3064
17732
21928
4634
27800
25487
2438
23680
9378
6652
24026
16111
3158
11806
22269
27945
1532
16488
32165
20189
5406
22163
20409
32037
30196
25919
13156
14675
18720
7389
8297
16621
10140
32204
29622
8950
13040
30658
8507
31343
30120
6254
14332
12830
10245
3420
27749
13710
11507
32024
7390
13143
23355
31638
1184
21663
26362
7633
4295
3553
32594
28851
2984
27886
29791
22325
4708
2097
31084
5063
2238
29494
22375
242
32553
23662
9107
15676
16165
14380
20093
20044
29132
7412
7985
32590
5288
13557
28333
32409
12488
26836
14230
32399
2067
10155
20010
24005
11484
28754
21622
6757
14262
32733
16073
5328
3977
18789
31848
25991
30693
6924
6275
19019
22935
5179
26472
28291
31098
20782
5111
4831
4496
28595
8534
22587
81
20782
13542
12742
579
15841
15477
16995
10699
19818
17589
10575
2371
14477
5100
516
17228
30772
23790
7006
30054
21940
7753
10749
12478
20562
447
31210
30022
31750
20473
25469
25355
15743
19577
1918
5572
1894
3537
5770
24230
31975
9746
10168
20608
7534
12168
25213
20995
23982
4516
32717
10849
20968
4666
26243
15387
19818
1773
26371
25107
6998
15079
23070
8937
13476
23757
10038
11908
5994
2289
30114
23023
9051
17354
3411
3431
8078
30882
10936
22706
19842
20623
18912
8626
11614
30116
11487
8505
22397
5736
8562
8735
3881
15751
18918
13970
29351
20936
27957
22446
27765
21055
4723
9037
18895
8900
27496
11297
6775
31908
21119
4096
15798
22422
24543
18558
16542
24304
22999
27073
29075
18202
1151
17297
19722
5955
5276
6319
10127
15188
18885
24680
14605
29218
29636
18025
27978
27624
26431
23765
7601
11508
9624
13461
6228
2208
15377
20464
6193
18564
7732
9051
4788
21482
32626
6290
32382
27522
28682
18407
30565
19800
16684
23514
25532
21762
29790
21227
32468
27678
14880
5036
27842
24316
17355
1818
15203
27031
27839
11565
29854
4298
32445
24494
9705
7104
5522
14153
271
16813
26102
18147
31280
24507
27571
8494
1801
19272
17162
23674
25461
5198
12626
2254
32564
19490
8418
19511
30956
9314
5169
6496
19053
31272
21564
13411
2617
8580
24104
31199
26180
1322
21545
7243
15352
28263
30114
19337
29052
2394
25230
31422
29750
31072
11806
14434
143
4560
1187
19603
5878
1769
26799
4527
16935
11016
19319
15137
4781
3102
1148
32379
29605
1378
27755
21190
15558
6467
8001
14869
9630
10145
10674
18785
32286
21564
9676
25232
20569
12653
2776
21719
20361
788
13441
22338
14419
11729
25912
4497
1612
9847
18390
10054
8891
30141
13443
30972
28833
9271
15575
4090
23030
8837
17216
26632
16950
459
8612
2946
540
4193
9031
13738
20653
11979
21998
28482
15737
28907
30277
22875
8222
24437
31614
6760
8461
28068
1595
8598
16273
30507
13998
13408
30989
23151
11774
31325
30085
755
16109
31581
23903
30739
4537
17333
15467
17398
16191
8919
5666
18110
10086
14374
3883
18945
1723
16904
20516
26749
3929
25404
1438
7687
2316
21102
8553
5061
15542
10248
16659
31901
12017
15948
23979
5613
28149
22432
10442
8317
30397
32552
15061
26034
30053
22426
30332
7428
25815
19534
17798
17841
20902
22677
4817
18611
17466
22860
9620
30448
5678
7345
16872
14258
14070
9333
12935
31574
9157
19986
8147
17992
5805
21854
22554
26671
12553
25952
27928
13156
9496
11107
19133
18601
8938
8266
11057
19224
3200
31779
3094
4185
13615
2047
2317
8472
12357
16896
16251
7606
29423
1971
8077
23359
19802
15008
20089
19613
32537
4896
32263
3083
27335
5487
23889
6348
11501
23810
1734
7452
6693
12827
3957
20583
26752
7578
7049
18873
2086
28438
7183
22134
28476
26924
6656
10571
23819
2071
12923
30052
22622
5761
10322
18911
27947
1177
11976
16769
28022
13670
20889
23208
14707
13915
7739
2945
21227
5419
29284
26235
16352
18399
5068
25340
116
23333
30004
7762
7175
23275
19623
10476
2464
10540
24320
13258
30606
14090
9388
12850
13903
21534
11185
17317
19120
2060
23279
31249
27446
10842
31398
20552
27837
11394
9785
25777
25183
19013
2866
19517
29847
5187
6533
4509
13222
2249
2329
13491
26934
12010
22660
15942
11582
26577
10519
15353
16933
27221
7194
14462
31786
7374
5464
1031
14339
16679
1759
24829
9412
10037
10753
26869
25859
22855
18846
15840
19258
30463
422
23425
13676
12896
6105
7461
19468
8999
20945
19342
10266
25695
27715
18224
9359
12336
6018
8864
24315
28152
7492
16713
11117
26269
5033
20065
32659
4897
16761
8219
6434
14710
6061
23326
25464
19348
25650
27191
24705
15562
8681
7754
6359
16721
2546
2703
22317
11303
18986
28922
13037
24346
1266
21243
11808
291
32307
31336
27279
28406
6559
3768
14887
6615
3641
2673
3746
18607
29463
9443
3172
28511
2406
1047
17571
4180
26544
19203
23243
23644
27226
22527
6433
1208
3441
18301
14502
29554
5030
3828
24638
24049
7830
17437
7953
26058
7247
25698
26162
15321
11792
12436
17791
31121
27729
28892
28616
9360
11267
13556
18995
4214
10521
25750
2782
4856
14919
13365
10951
15920
29194
20972
12009
5431
20712
24244
3240
28406
27897
2009
11631
31545
12966
21679
21912
7685
8881
31873
29324
5420
12662
22730
5163
7198
11120
18343
5486
514
17150
4749
14410
26118
11111
11575
14552
3571
25884
24803
7092
2820
7998
14270
15267
8440
21088
15517
23160
9062
30862
25325
14648
15697
1678
10989
31612
22268
2661
22043
23063
3583
4894
16363
26873
29595
17862
11967
29779
1355
17339
12564
14588
5019
17959
23289
31764
2877
4807
30662
17895
21594
11761
1034
17427
15398
28117
965
5870
7351
21251
2264
3618
14103
18989
32185
6298
29592
15150
2155
27554
31847
2380
6574
9545
26212
26810
31859
28170
23601
11617
31122
23980
32649
30433
25535
10087
29908
24018
8123
20808
19704
1615
31943
31447
16753
15285
29022
30454
30372
31144
4131
15628
14448
1623
18713
30051
25863
513
19218
9423
31228
4025
6506
15249
30621
31590
10740
2938
3714
269
7989
26964
19302
6483
29392
32125
13622
28477
9282
2005
4456
25403
16335
6874
17038
16229
20924
4626
29995
260
6591
18346
3781
23380
4788
19804
4923
22408
8849
11414
29785
13839
1692
29144
32682
29974
20444
1885
24205
8270
973
8959
23691
19951
13656
19285
26600
27901
10753
14366
120
18634
24419
4578
2228
26044
1241
21718
11533
6992
15743
23297
21889
3935
15961
20893
21867
30368
7377
7616
19871
15983
24935
29755
29878
972
12964
10434
14759
31655
11343
30798
29848
12379
14052
21184
6643
14456
29506
26567
9147
19141
3748
31491
9505
21381
4818
17259
15442
28410
1689
23020
22164
27944
29304
31570
31377
17115
7580
8556
3314
3051
5903
14187
17200
703
24364
28044
14503
4368
17750
28663
23021
24047
19945
1254
6753
32010
13425
22025
10247
9003
24090
26922
4499
1025
20584
3085
4803
15651
40
14234
31474
29266
3239
11837
25067
32510
15137
22926
7931
24844
18044
11053
13898
16599
22326
1264
12394
14965
14237
27713
4145
19515
6206
3265
23236
3715
30879
20018
26101
6316
2097
403
24783
14179
4992
27020
19054
22561
20909
8717
19221
19957
9758
11059
9082
21380
10868
7019
9828
28238
5309
15577
28792
5939
19947
6651
21072
19509
19590
15753
8398
28543
1949
10656
24496
6055
5634
18976
31332
13616
19895
26195
32541
12627
30627
21967
4134
27134
27529
31901
32631
12062
10299
21146
18566
9498
15371
31262
23647
12447
4483
10716
29687
20387
29782
28169
23741
932
25237
1217
29555
12593
32294
22950
16700
6316
12915
25802
28406
19534
25183
28879
713
18283
12926
3148
7168
2808
17285
10867
8472
25418
28927
14065
5143
15136
26690
8470
288
8164
11170
8758
15171
23342
21988
17231
23449
17802
12790
26091
13969
13947
31453
21576
15237
13760
22510
7351
29329
20949
26945
15426
3236
16317
30819
23697
14807
10239
8523
10511
14846
17647
1935
32584
23421
13870
27608
32405
23646
11636
13716
15100
24992
22669
17642
5970
30929
11426
8435
2722
22495
30394
22055
21715
20267
21888
6421
26244
8671
71
344
59
14466
32587
28870
19647
25033
14650
31466
31426
5552
31219
24757
6595
28362
22157
29808
15923
19925
4763
31221
12503
23442
27310
22303
11629
23764
26652
10367
29842
3286
8704
3664
13539
29137
3970
17837
3939
24526
20313
25090
15133
7609
2190
15041
3082
24760
18562
24918
24884
4539
562
13148
15900
4435
4794
23825
4953
28103
28440
24583
31363
16229
24371
29213
26959
7958
27164
18606
8187
27445
22419
9224
22253
20129
27341
12064
28567
15889
14964
1924
11421
24488
18928
400
13626
4298
18405
31973
26592
32301
5628
23831
16414
563
32231
31398
21447
15735
14239
8240
11089
7589
9456
26596
31099
18064
26168
3386
30258
4478
11372
1761
24758
5830
27739
31993
27897
30110
22327
28547
8264
20014
15441
8470
24876
8681
14372
6611
16019
3612
21653
22171
12843
5319
32377
30847
25103
26541
29784
2167
9637
27047
4720
9047
20934
23101
8189
8704
4128
24439
440
4563
17881
25073
30110
4460
19829
28462
15346
25996
2042
5678
20869
23126
2386
29251
7989
17599
25584
22560
17076
14400
22455
22835
21643
17613
26647
4405
20318
20747
7545
29183
31857
25790
30173
415
2411
30592
18625
16043
11098
6073
8773
7893
29432
32203
22926
23488
13869
24461
26216
530
13012
6139
14895
30411
20162
30508
8175
26325
6404
20100
26570
21723
28777
3370
24986
14687
29505
188
27352
26887
7267
3650
5053
13624
12661
30561
8102
31462
26215
32722
25789
5035
23105
1810
20182
23830
20767
27226
2455
19013
20345
17105
5596
13238
31400
21505
20057
22874
25254
16007
8066
19179
6422
19215
30375
10880
14724
24960
11364
32095
18157
116
28216
32530
642
18667
27508
10941
8105
29248
18775
28334
31045
14940
8823
15926
11319
9769
5474
30135
15141
9801
9862
17663
8057
29705
31054
5076
27565
14992
9358
5328
25287
24669
9761
31344
10527
1264
14801
615
29288
1734
6006
19256
20718
9611
23650
10243
2589
5260
9213
26271
5187
4459
5037
15338
8599
21270
24057
19037
23673
25849
237
30436
14587
17011
17344
32748
32673
18055
14260
2749
30053
17365
16446
6922
17662
22728
26215
10438
3426
21520
31602
18490
14730
15699
20159
6229
1397
22047
31471
27459
21615
10020
3657
23873
15507
28064
4700
19887
27535
32026
14054
28262
18599
26963
9205
23885
30717
3194
14156
31783
8975
15775
12552
31407
10881
19306
4996
18151
9501
3853
14969
22445
20504
11127
28010
1423
21654
19658
28991
26080
1649
31760
23856
23563
54
23338
14052
21800
16497
23816
6618
25037
11307
20000
28169
8743
6832
16664
29123
14409
20118
13254
6879
13507
32762
91
4887
12663
23565
28379
21423
3752
7632
31441
9304
1620
9243
8512
339
2500
10468
19164
11481
7521
32190
9850
28603
9929
29088
1990
19782
24866
17384
7732
11881
27567
18591
6201
18458
9888
8703
1722
16629
21039
13106
5317
23078
9192
12381
26495
8074
17992
28637
14941
25361
30346
24785
2967
1895
13502
19160
27866
24019
14875
15132
19518
7007
10646
17039
18807
10553
11956
26996
27471
21593
32412
31778
18772
8292
28528
5380
32205
16848
6621
2021
29683
842
14577
4714
26206
6740
15405
30176
8638
12083
16348
24120
24523
7176
24483
14928
20095
10045
5976
26997
6018
15650
9751
25125
31718
27864
10131
13849
22548
11375
22443
6019
9222
10315
13374
17300
17335
8652
28991
30273
15320
8494
29452
19271
7877
32429
17147
12396
17847
1773
12854
19720
10811
16026
7882
709
29667
2379
3834
27555
3643
14253
5849
31039
23294
16605
15384
6484
21642
11029
19484
898
13458
26507
22611
5198
29459
9622
19657
22891
12681
24851
21750
13112
26210
12295
731
12169
23731
4998
27725
426
23594
20435
12944
15265
3396
4040
10279
11444
28095
22392
2283
2347
26963
2580
30811
16215
27293
1803
14899
7635
30812
8821
22848
12042
13023
31922
12402
28153
17854
32078
2611
14391
8649
29992
18935
8498
4926
11220
21524
2747
2111
23613
10197
9925
7042
25743
24521
18025
14155
11604
3169
6702
25751
3037
7354
18312
6810
9187
18872
30622
8812
3182
14164
17232
25344
15350
16439
8313
10581
32712
8071
13425
16624
684
27905
12247
28809
9925
8008
6029
12037
14008
2172
7939
9380
12817
271
30649
19580
14562
13524
14847
18982
23212
18009
19200
18359
19587
15479
25598
28657
19054
28199
7903
22715
10253
24727
11241
29135
21630
19326
5322
19379
21888
14252
12507
19178
32217
27621
11941
7019
25334
7151
22181
30802
21970
3562
27468
7126
25369
10720
19018
27515
7820
10141
13068
13448
15783
20161
22147
3260
17793
32019
5160
11069
20469
26392
2109
19921
11263
18149
20309
32336
23912
27953
8982
19546
16294
26798
13374
20293
20478
14234
26084
1113
25323
14224
19969
23872
18627
18341
7982
4792
9624
20656
24495
3979
92
10217
4529
1985
19785
32694
12496
4116
30592
23233
10460
18852
11761
13646
10717
30188
30586
22732
32084
1781
21075
3497
16580
32713
25257
8043
10609
14635
29833
26365
13672
24197
21760
20294
28095
14114
18049
2048
7710
3997
5254
23240
9599
22426
2682
22129
17457
18355
20951
17566
2851
9142
31628
7568
20575
27917
14497
28220
19669
6525
1565
25761
18266
8724
20520
30296
28912
32348
20589
21869
22088
24533
11202
10093
2693
16802
4875
12992
28483
8323
27483
30265
15832
28419
16733
24300
13785
6643
3059
4160
5345
12566
540
29253
15245
2078
2075
31303
9163
25559
30678
24995
3157
1955
18556
16089
32120
14118
22890
13539
2842
66
25680
11461
30715
24902
23183
19814
7739
8034
12774
9630
16669
24927
25678
15504
11274
25228
10018
31802
17113
20988
7555
10826
26445
12782
2555
25395
22495
19341
17248
19329
27582
2778
28924
27497
20501
22246
20970
26789
10892
14916
5059
4735
17681
28606
31867
29739
9944
10055
27525
24921
16032
5937
30270
12555
569
11680
9096
6820
10051
30271
2741
26946
22840
2097
22952
31054
4269
4171
1590
13394
28628
19328
11986
32522
18502
1436
28266
19901
11775
28726
10124
21197
15274
26079
2765
31630
27680
28064
23659
12116
11563
4772
15665
1232
3983
25649
31387
24988
14411
12765
10811
14356
30492
22526
5211
22376
9795
12386
12772
495
14216
31552
16767
15806
4735
21615
14329
4986
10250
2262
4076
12138
24351
24612
15516
6352
16075
11969
17439
29562
31095
17412
17601
32660
15723
2214
27046
19392
28304
24950
4785
19817
11642
10831
13221
21331
20389
23879
11914
1655
11519
14890
11603
27919
26279
551
16061
9197
2805
7112
14970
16912
15034
13096
12431
6777
13257
10848
26619
20539
25782
28226
12441
28882
28125
842
3143
2229
13222
24273
29512
26159
26120
24708
14311
32362
8524
21
19805
10445
3092
816
30197
9351
5787
20401
7278
7276
16190
11796
23713
7425
60
4140
32612
12498
19130
12312
28077
5900
13066
7028
24315
18503
12844
32460
18161
15780
8341
17750
17988
11800
20016
24800
8920
13831
23459
19975
2854
7445
14547
10410
10465
11833
27818
25758
18137
22035
2584
32419
3615
31615
30295
14743
7786
18026
25716
15338
1465
18660
10763
8530
23354
15991
20818
21696
363
21943
3160
18066
21375
14363
28047
21258
16899
17419
2441
27903
8897
11578
26111
24786
14309
30518
23063
17316
12894
32318
17382
25286
13191
595
14132
18289
4615
26769
2432
8888
26102
9920
24388
13754
8257
3367
7803
2588
12623
25248
27231
3767
740
1778
3191
27789
18758
3930
28369
10242
28575
4459
2957
25161
9123
4121
30107
20252
17522
16144
24260
12976
14528
4170
16111
31720
28723
16352
157
20169
5132
21024
22199
4910
11018
14305
8073
23484
13451
3347
30990
14617
32501
9626
27246
19801
15700
23645
18117
13241
8261
22681
11558
4240
30226
15740
18912
23938
5662
30703
15615
17911
7044
7859
18966
10187
13051
6319
13628
3144
32765
32136
29013
11601
23848
25715
915
23263
31716
5447
16444
21682
10054
20439
17581
27712
11828
7550
21151
754
14538
24827
28841
14479
3325
6271
29702
24056
1662
1541
22425
23
17889
12770
1070
7954
23295
31645
28163
26052
28313
11520
11143
30061
12094
17263
26977
6568
1390
25465
24500
30878
21247
10925
11425
4986
16832
21423
14350
11037
25949
24715
1190
23826
13442
16200
4641
3268
7491
7361
13510
27886
14524
22960
1582
15700
25076
22028
21322
4273
13320
1685
11176
12016
13189
2221
30193
26526
10005
10345
11703
26784
25438
3304
11885
27937
3623
32483
12215
22735
7356
32134
22245
4935
4500
5502
441
14285
15666
11860
11889
27969
1609
16889
9473
31310
32035
12962
17825
27109
15939
13013
8327
21482
26698
29636
15094
7725
10519
3547
9591
18843
9778
22421
18279
8118
17515
7827
945
21570
4798
30447
6877
28481
23674
5326
28234
4898
9891
25652
2231
29494
7316
21277
4104
3683
12264
457
1095
540
28571
19799
28650
2448
23149
26773
27988
32034
12423
30487
9630
26138
2145
24198
11414
31386
10979
16955
24072
5587
31435
23820
8253
120
27470
11622
12226
7539
18946
10141
22634
20184
24571
25215
16278
10007
11828
29231
9140
14965
18737
25905
13574
9405
6115
6081
27557
5938
31180
20841
32453
713
6244
24786
24890
12949
26554
10715
26428
27267
6750
23016
31079
24135
3199
13948
30981
5270
27217
14859
14736
2710
5553
29449
13171
11155
3852
22855
21521
28915
25981
3455
3848
15980
29237
14126
5303
20084
25376
29857
20990
17145
22726
4435
7492
11859
7023
30326
13503
10359
11146
2512
29167
17517
12623
28360
22124
31236
4004
24001
21986
22468
7741
1446
346
4388
20232
11206
30651
15613
17096
32227
16272
22591
4351
19077
28171
24803
18194
5012
16202
7456
25256
12070
986
25314
19283
27286
1914
29560
3954
25558
21793
16268
26710
3334
31810
10073
18851
3653
15182
2840
32761
31175
13179
16315
8916
1575
2500
15326
23985
17151
6448
4347
21619
31671
6744
1245
9988
15514
25635
24407
22591
11823
10709
16437
7182
15046
23112
4467
20687
12881
1144
27053
10237
24693
25926
29399
16908
18657
629
10542
16788
32223
30457
1646
6578
17704
21617
27974
7084
32509
15858
26889
2003
883
8198
5542
9646
27151
10740
17370
10068
28562
27714
11684
23578
28182
16505
20218
30318
7002
24104
14010
26883
347
16683
25571
7983
25892
17709
773
5265
4070
6764
8182
4086
11851
30652
8135
1405
14856
11727
5878
25594
8626
32691
20453
20889
8914
25756
5515
7108
2619
5860
5738
24134
20123
5200
29633
9648
14673
29589
20738
4347
4478
13083
30598
13936
32095
25856
25216
20421
3546
23648
18224
29065
10326
16340
27993
20930
17104
9528
27636
25044
9771
6834
7718
16292
10952
16623
25712
16894
9047
23216
1574
9268
27117
30086
18210
5384
17238
4057
1465
11468
3244
24623
29934
3784
26408
8619
18150
14812
22073
2516
23452
19559
979
19353
18390
16231
7946
19345
18520
23777
2271
27015
30039
30083
17242
821
18992
6536
22233
5200
21850
22748
8615
6085
9369
20096
17872
3651
16757
31537
10548
19961
20971
13124
15323
32673
12642
9173
30856
27837
5601
13088
21393
800
5502
16431
3053
12721
8218
1462
4751
620
16715
9275
31730
5545
16026
6009
12278
25249
26095
6919
19434
24878
8265
16949
27370
210
7346
18231
18539
4347
10099
21893
28948
32389
388
21377
30160
2689
19526
28506
21793
24117
23924
29489
3767
8291
3927
9339
5441
28623
24890
12967
4739
26363
31774
30976
12712
3381
28591
6100
25562
22739
15222
10454
21265
9918
30799
4801
30504
19245
13854
16446
310
8115
25022
15880
4379
12924
18234
1102
26969
31444
1088
28505
5414
14056
32466
11118
13503
22225
13375
6134
25598
6350
29778
26076
28463
15057
23753
30007
18976
25918
10504
13865
32119
13039
10767
4358
32328
31355
31402
6585
9191
15544
17383
4708
12283
23678
9677
327
7380
942
6219
24035
9727
22899
22639
6495
16151
28104
13785
1578
27869
32315
21614
25314
13451
30704
13905
3189
5478
23272
8719
7046
16531
25219
14617
28946
811
5956
21112
30291
5778
11733
28092
5092
19204
22347
21045
9255
16496
26282
11878
25828
8586
28588
19383
11314
5404
17086
10858
25755
22940
27212
6608
5243
16132
3390
8381
29865
29406
23235
19001
23129
21150
25421
10872
30785
14389
733
12301
15099
29923
16512
5466
17579
28237
18201
1611
19425
4559
23394
20036
25025
4627
29486
8791
25441
8931
20977
23483
6770
10043
20097
13945
20771
1443
9758
26729
23874
5819
177
9309
26276
25112
2641
23964
27848
7502
17931
24466
20407
8526
32227
3525
24622
18931
29718
24587
15103
29655
14754
28411
29621
3179
19976
9377
21111
26695
27729
25974
10543
21438
10575
17806
1003
4534
18213
7700
14467
15542
25098
5876
6524
15937
23113
30935
20524
20579
8076
23380
8735
15753
16731
868
9658
21142
26848
1559
10782
14130
8173
902
22095
8293
2368
3593
17302
4454
28165
4522
5923
7853
17564
20441
24311
26447
5277
17249
13825
14475
23577
154
29575
4000
23075
26080
27080
28130
25231
12357
30688
13069
7930
18563
29419
29145
24843
23605
10861
29391
27127
5958
3058
22874
19275
4521
10737
7969
17638
17738
10742
22932
17476
8261
24064
32197
26883
1879
3368
5754
12959
23697
12164
8320
15233
24148
8523
322
9528
29305
4410
19354
6662
12752
11830
18150
1950
18380
22578
27743
30508
31356
22611
20134
9878
28349
25682
8096
18177
31919
28963
18564
1176
10341
6356
18482
15240
4833
6071
19399
32335
30527
9411
13678
20791
2096
10552
1401
16157
16810
7042
22960
11127
734
352
30440
1430
1131
23877
4312
16680
32465
2815
17449
14336
5416
20374
30412
22810
22546
8311
4752
18649
29934
26065
19956
22164
25934
15424
30521
27473
12971
31145
30140
21968
8792
31077
30083
6092
23989
29601
28950
6269
27301
25604
3472
24673
2114
17299
31989
16956
17359
6610
23238
5470
23021
10540
14035
25892
14354
14997
16977
14785
12856
19566
21292
24126
16594
10409
12703
18368
23300
9773
25601
522
16659
6524
27874
17730
19227
14483
12118
6392
4096
30226
28049
10340
30886
6044
5556
11247
4965
2945
20711
3062
15287
16794
2216
8394
27188
2933
22114
13307
16577
18354
4418
9942
9988
23725
28230
25132
2843
18014
26263
29525
6797
15229
22552
31349
1920
11753
5183
19966
11821
10826
20772
30582
11922
23285
12503
28027
20070
12817
21239
12036
14162
32504
9344
9193
25950
29408
25061
26278
22954
22715
32607
23388
25950
1116
27524
14360
8419
15578
24603
25176
25428
9785
13615
17867
20015
28231
27234
2137
16721
16581
23172
16227
19233
18119
19812
2636
26891
13662
23526
13880
11312
12147
23126
20243
5723
32502
15612
16854
17207
26937
10993
29701
12736
8854
13105
29820
16888
9560
22512
10604
15067
28633
25650
8097
27796
28135
16278
24326
17137
4460
13426
26730
23573
24142
23589
16516
30573
28053
9641
11317
20709
11212
10856
526
15451
22185
17745
13586
5459
32240
8234
31933
22253
2964
11048
15941
28693
5919
12989
6943
10234
2133
1969
18629
9921
19732
28020
5559
30330
9855
17075
16319
4179
20828
6185
32634
18955
3513
10680
27924
14250
18902
28088
8787
21872
29759
11919
15831
3595
14649
25217
11168
28941
12127
13770
22224
11676
14221
31466
10418
9579
5117
30017
30972
11242
31408
12763
21329
17850
10000
25229
13834
31844
11987
28481
11830
6730
7714
12686
29919
25310
7931
3724
29072
6929
12244
25318
17939
30223
11649
30000
18303
14889
13399
25211
2163
12818
7314
14631
22684
15951
5620
13817
23933
6889
9903
22381
10351
11621
4485
15182
28134
28405
26414
31363
16887
18160
18170
30508
32279
27008
4791
20718
13350
3739
6613
29578
21164
5428
32712
29621
24162
26290
25006
11812
25844
11937
32562
23782
3333
15015
27312
5878
26483
5818
1178
28177
26077
14737
17946
7877
6755
21848
7928
1739
9389
8360
27327
21910
28719
11190
16667
11052
10155
5579
9606
6453
503
14068
23075
14929
19456
4602
23018
21423
21519
8852
15878
13532
6731
23516
4731
18904
27264
27392
24076
4975
17182
4666
24924
31174
11653
12290
20819
11573
27519
18050
4291
2388
7694
5962
11596
11865
18793
10053
9085
17569
23105
16107
11835
7820
4168
15033
9575
11406
29172
16350
12219
30595
11648
10552
19445
5443
2869
16510
30008
19319
21735
6079
26287
21675
22210
5899
17011
31652
23879
4720
8111
243
21649
31784
17410
32458
27869
1808
3108
16143
26697
19804
18381
14255
30172
20361
3282
8501
15815
24468
17809
23451
746
19562
32400
5471
32154
24991
14177
26842
21410
3938
15049
25550
20871
20145
16929
11582
18705
5577
26619
15746
14598
28897
11785
23706
8761
4887
6715
23235
11715
29611
12072
14152
2193
19307
17327
10651
6175
1646
32222
16548
27778
32261
29970
3161
5036
3823
16224
1423
12780
24524
28212
10255
948
27604
15928
29421
11423
9673
32376
17173
30642
18218
29379
15399
27875
8106
13652
13189
24535
30945
23474
20906
23536
25152
25300
23997
4487
31050
9865
26469
10358
513
26647
17120
7130
25503
10274
2895
791
23943
22480
8020
27676
2171
9515
19423
10984
30735
26311
6469
16972
4190
27300
28307
18931
25595
11349
32545
30113
11819
13922
13930
8632
15697
13036
5658
2304
25001
28559
14953
1959
13369
22669
30888
3975
18949
12072
19481
12712
10115
32591
1284
24838
2126
6269
28167
21140
20254
3551
23470
7808
12792
437
23108
1721
30370
16378
28136
1711
21338
27719
6371
4186
18375
18165
7224
6781
560
19842
9853
25644
9452
14901
25834
4492
26
9989
10928
1498
5010
22456
8843
7854
27931
28488
16027
13441
14046
5258
23152
1133
2586
18961
17252
26421
23066
32081
6957
31109
2916
4352
18610
6523
2868
26306
27422
23909
31528
11268
819
26573
17725
28200
18146
15539
11258
14819
21272
31769
10987
18916
12250
9669
15185
2231
23188
19010
20760
27112
19118
19752
9225
24171
9313
7325
6465
26683
3529
540
24802
4418
23099
28789
7176
18809
32728
29461
7935
28752
2914
8840
9139
3408
1615
16956
103
31743
796
27528
13994
3844
17380
27116
28295
28299
12081
11419
12797
13803
1810
28982
31919
5254
5742
3035
29659
30193
18583
28766
23184
30038
24354
24790
5660
8214
14839
25948
22212
19378
26020
28943
14521
747
25591
22620
28999
20008
25291
31868
23630
23321
21794
20541
32246
18330
8820
6662
19615
5082
24647
5909
22295
32700
18944
25612
6928
22397
27385
20140
8145
29592
11987
29920
10539
28646
19470
21757
5807
24074
15574
13128
17182
30476
14880
30905
30753
4164
27894
28414
19002
22394
18959
32195
28923
6731
19363
19761
28534
7374
32125
29108
8436
17272
3922
1282
32234
5181
24913
20569
11560
21240
16123
27655
13652
15629
15413
30768
25239
10317
26780
21196
13462
2330
19736
28399
26788
9163
26548
12621
29749
27986
6573
30205
918
24347
15304
9085
20700
16952
19689
28407
26395
13756
28386
13762
9688
29796
9609
4140
6336
7549
3085
375
30618
1281
29834
26913
25210
20228
9690
6505
11831
23118
11183
14094
21792
15946
27870
18010
24555
24607
31742
2399
23278
25372
22066
4993
11154
30809
1091
13876
23044
20891
20978
11015
9005
15225
3980
7906
26341
8893
4542
651
18019
2317
25515
17519
1784
11467
24380
22432
3326
26681
8119
11290
779
3041
660
31818
362
14388
10892
5073
18891
31345
14578
29573
27449
12488
12614
30392
25165
31168
15112
23998
2465
13014
13770
25001
28296
19046
21385
13655
24060
26831
11581
6063
15832
13523
1455
23335
1608
14140
11915
1673
28541
8645
17334
29432
10149
32055
12513
2862
9498
723
13663
4103
26841
9456
23091
1603
17719
2789
3694
12679
31951
1065
23992
16550
19903
14009
29996
3871
15636
3258
27241
8167
13954
9568
30949
13672
21593
19726
10629
10953
25524
16575
6251
29296
30963
16548
19728
24005
10348
13838
22674
4665
14174
28815
11855
20360
22822
15964
27314
27450
19638
25590
31821
9584
28226
14090
25384
15069
4412
24725
31321
22547
13955
2635
32725
20992
29400
31546
20102
18360
6545
26539
32414
4469
32657
30793
24618
8411
27255
19589
1002
13953
22
31800
18016
4270
18982
23690
4391
30560
8760
3092
18054
18835
6640
2625
2885
28607
13166
24058
25279
22435
32269
3970
20793
23873
27472
31134
30834
17706
28697
13818
25211
11259
17948
10440
28361
3880
24980
28586
5513
21240
28468
14290
30003
27089
28257
16231
24162
182
15262
1579
20963
21774
8008
29020
9484
6055
13443
26328
16463
250
15476
9092
11279
31409
12721
20717
24497
614
12277
7728
1783
10670
1049
24600
12681
22358
30783
31879
8405
11756
12369
9495
10265
15233
10922
9472
21182
22190
14610
17981
17640
19669
1520
4586
2635
17833
31163
28657
18240
32753
5298
27109
24
19337
4301
5422
27312
25769
24563
26727
32325
5225
23149
4
13706
14981
12699
5688
14072
9310
31461
12822
22374
21826
26357
20982
10969
9197
31011
5402
6045
20816
21297
10385
8085
31889
26937
31580
21455
6226
12771
32208
9819
17718
9947
28731
3678
13729
10627
1226
12898
32448
8165
22698
3312
31434
24043
2158
16225
8325
11986
25521
1777
29707
4828
1020
2069
29902
1349
19178
25615
11482
24185
2953
19647
17754
9860
25348
2748
17502
27594
1151
10659
22491
29176
31811
16047
20979
19770
11803
32138
14967
15791
4861
3939
6571
24346
31213
24641
24649
218
20511
22167
4296
14876
13404
10520
3549
3663
22950
18124
12867
13784
32031
1380
5560
24327
29479
2507
9032
31562
4037
7933
25805
27809
28232
28444
10167
10066
23598
21185
24329
7134
27460
10896
26276
32051
28431
30479
3016
14115
26987
8888
32472
10517
10866
12876
4701
30971
10143
20331
27470
4740
20019
24930
1679
9874
21720
10308
14263
16110
20613
3644
1302
14907
4257
8993
1271
17448
1643
30283
8226
7658
15257
17061
23973
19178
7231
8452
7124
30138
6131
13495
23183
8526
24111
1632
31427
31337
14839
258
5939
23893
20667
17754
23161
25559
18558
18291
30279
3938
6456
27253
8179
25483
3449
3773
13875
1213
13904
17971
29733
12078
22123
8920
21906
6673
2175
21407
4211
6926
9451
894
18356
7663
10904
11972
23353
17564
12067
25261
31007
17225
6718
6964
21572
19694
12371
13096
9225
9207
12395
6786
20822
9021
2383
18166
29919
21302
27116
4808
2726
24424
12540
32225
32449
36
32739
1314
30558
11376
29911
1016
4
10309
20548
21553
31260
17147
2415
8206
30383
23041
5721
6809
23921
29649
27366
4664
1279
1827
29502
4483
8293
16993
3444
595
9699
26460
18022
1819
4849
3901
24036
32380
12672
27326
22036
25875
17027
21146
4628
2454
12718
15425
18402
18207
13949
26321
18809
14791
1657
21570
26941
8567
31927
25312
32153
26363
23201
6911
18407
30552
1528
1258
17040
26976
26650
6940
6772
8579
21121
11443
22412
26600
3213
17441
30925
9405
28291
26149
1872
14027
11733
15610
25777
6221
16036
974
22709
17922
28291
18037
8751
7297
7294
18783
3876
8141
12891
11719
24621
24873
17183
9774
31517
30509
29396
20232
12516
15386
2954
32693
6835
18027
25500
10162
21089
20396
31028
3089
2574
32143
26385
31014
18182
16701
5768
15492
17383
16618
21193
31528
15879
32684
8548
14323
12816
14221
1036
7774
19437
6623
1946
25961
3562
27087
17493
24276
29462
9533
13168
1682
4332
12235
32212
9851
31795
13364
10272
25153
29987
12256
16366
16293
7881
23733
28249
32490
17837
27951
5052
22410
31153
20147
20667
27945
32572
26144
8328
4295
23448
31400
26719
8761
153
17118
8275
9690
23424
18447
31053
25214
19230
5078
9298
7079
16701
23531
7940
15356
4923
8252
10604
1014
15864
28479
18678
4317
8435
17542
31933
20467
29871
13716
1801
12783
92
24815
28694
12972
21171
21366
9752
2339
546
22517
24187
5015
14377
25847
7279
21519
3076
7387
164
4361
28810
5162
18002
28269
14677
21032
4477
4800
31523
16297
29303
11418
19324
30758
17062
27738
9109
12560
16007
17944
27253
11108
243
4059
27222
25472
17314
20492
13646
29493
2285
20523
15662
23069
4824
18369
8875
8239
19279
13206
32699
1680
432
11555
12610
15020
8586
22090
25582
16262
18085
11589
26719
332
21058
23773
4748
18223
26019
23772
10338
30578
26062
30404
9134
25024
27791
705
19260
962
19132
28893
26432
31729
32700
29299
5366
7849
19018
22502
32134
24959
13943
30354
29738
4309
19694
11011
16274
940
18300
19301
4744
16825
28368
7740
30672
20410
1407
10582
13650
5642
25675
27901
27259
5491
11172
24433
28128
24132
11887
15509
11812
32164
31239
32232
6684
21798
8065
3767
21554
4254
8757
4241
13575
11826
12153
17404
24925
19636
944
26982
30515
13359
8324
11870
5681
19647
14447
31492
18247
30630
29568
13246
1938
32413
29020
17197
31359
3432
11395
96
1842
27053
8916
17735
25897
23814
26452
18794
23580
1365
299
5338
15144
32600
15343
8040
19245
8061
19749
28694
16501
11511
29445
20683
28566
21265
28798
27211
18841
15554
2682
23653
25435
3714
27235
9839
3124
12893
2534
29679
14295
10822
3063
8603
16249
23725
10005
3716
15926
3924
1231
3470
3248
1118
14983
2851
8185
28073
16246
15144
20403
10845
1008
25392
18293
709
3561
5360
10097
22110
16057
27892
6228
28718
9756
10640
22126
30039
1661
11800
30739
8684
28276
18003
29505
18435
2957
15918
9858
17676
6731
8622
26900
24929
5996
14632
26184
19998
5743
5556
18472
13618
24916
16863
30044
4022
17827
27296
26191
13950
12975
5262
21901
24814
3356
12623
20336
1551
23455
10580
25851
21474
12549
11715
1542
12533
30583
26293
18075
31795
252
20898
5025
32512
319
25625
6839
17798
21651
18101
26979
20809
14388
15436
1900
23042
22479
2409
4228
4266
21573
28669
4394
6357
10157
4945
10959
11329
2712
22591
17208
7343
16024
5538
17187
10225
25091
10507
10285
21061
12532
17334
28147
15073
22419
956
4728
7887
14742
11657
14791
32251
21256
6545
13529
5771
5705
10815
28600
10862
27479
24110
2789
17208
13387
21148
9207
26669
31527
18972
4486
31387
11470
2954
5703
11374
1364
11588
20344
17662
4472
8343
25215
10283
26991
4472
11726
21420
2276
28277
265
18084
26684
11499
8299
1910
15134
7544
5990
15323
30771
25779
7817
1842
3626
27675
6311
8983
27136
24398
27446
26166
12926
2428
13813
11617
23811
10010
11730
23265
32643
32731
7946
24586
976
23772
23186
1299
8216
12062
4790
25380
14511
31290
27392
17583
3855
22352
16219
24580
25118
9281
26232
8224
25519
13086
29553
28614
10058
3552
15020
15058
28208
8793
7683
6601
29850
27242
25633
23476
9282
25719
7983
25135
20516
28696
26289
957
23942
25361
26794
26718
32310
27269
5639
5220
24595
3174
28218
5506
30158
23856
11814
1574
15602
15831
26171
23304
9506
13821
15330
12035
31906
15977
23067
293
1562
4021
21860
6402
7062
18758
1758
1357
720
1154
8875
26793
22194
10300
3482
2236
10775
4211
13830
21381
18386
24125
29691
20208
13297
1022
13467
9896
21059
