1
2
3
4
5
6
7
8
9
10
11
12
13
14
15
16
17
18
19
20
21
22
23
24
25
26
27
28
29
30
31
32
33
34
35
36
37
38
39
40
41
42
43
44
45
46
47
48
49
50
51
52
53
54
55
56
57
58
59
60
61
62
63
64
65
66
67
68
69
70
71
72
73
74
75
76
77
78
79
80
81
82
83
84
85
86
87
88
89
90
91
92
93
94
95
96
97
98
99
100
101
102
103
104
105
106
107
108
109
110
111
112
113
114
115
116
117
118
119
120
121
122
123
124
125
126
127
128
129
130
131
132
133
134
135
136
137
138
139
140
141
142
143
144
145
146
147
148
149
150
151
152
153
154
155
156
157
158
159
160
161
162
163
164
165
166
167
168
169
170
171
172
173
174
175
176
177
178
179
180
181
182
183
184
185
186
187
188
189
190
191
192
193
194
195
196
197
198
199
200
201
202
203
204
205
206
207
208
209
210
211
212
213
214
215
216
217
218
219
220
221
222
223
224
225
226
227
228
229
230
231
232
233
234
235
236
237
238
239
240
241
242
243
244
245
246
247
248
249
250
251
252
253
254
255
256
257
258
259
260
261
262
263
264
265
266
267
268
269
270
271
272
273
274
275
276
277
278
279
280
281
282
283
284
285
286
287
288
289
290
291
292
293
294
295
296
297
298
299
300
301
302
303
304
305
306
307
308
309
310
311
312
313
314
315
316
317
318
319
320
321
322
323
324
325
326
327
328
329
330
331
332
333
334
335
336
337
338
339
340
341
342
343
344
345
346
347
348
349
350
351
352
353
354
355
356
357
358
359
360
361
362
363
364
365
366
367
368
369
370
371
372
373
374
375
376
377
378
379
380
381
382
383
384
385
386
387
388
389
390
391
392
393
394
395
396
397
398
399
400
401
402
403
404
405
406
407
408
409
410
411
412
413
414
415
416
417
418
419
420
421
422
423
424
425
426
427
428
429
430
431
432
433
434
435
436
437
438
439
440
441
442
443
444
445
446
447
448
449
450
451
452
453
454
455
456
457
458
459
460
461
462
463
464
465
466
467
468
469
470
471
472
473
474
475
476
477
478
479
480
481
482
483
484
485
486
487
488
489
490
491
492
493
494
495
496
497
498
499
500
501
502
503
504
505
506
507
508
509
510
511
512
513
514
515
516
517
518
519
520
521
522
523
524
525
526
527
528
529
530
531
532
533
534
535
536
537
538
539
540
541
542
543
544
545
546
547
548
549
550
551
552
553
554
555
556
557
558
559
560
561
562
563
564
565
566
567
568
569
570
571
572
573
574
575
576
577
578
579
580
581
582
583
584
585
586
587
588
589
590
591
592
593
594
595
596
597
598
599
600
601
602
603
604
605
606
607
608
609
610
611
612
613
614
615
616
617
618
619
620
621
622
623
624
625
626
627
628
629
630
631
632
633
634
635
636
637
638
639
640
641
642
643
644
645
646
647
648
649
650
651
652
653
654
655
656
657
658
659
660
661
662
663
664
665
666
667
668
669
670
671
672
673
674
675
676
677
678
679
680
681
682
683
684
685
686
687
688
689
690
691
692
693
694
695
696
697
698
699
700
701
702
703
704
705
706
707
708
709
710
711
712
713
714
715
716
717
718
719
720
721
722
723
724
725
726
727
728
729
730
731
732
733
734
735
736
737
738
739
740
741
742
743
744
745
746
747
748
749
750
751
752
753
754
755
756
757
758
759
760
761
762
763
764
765
766
767
768
769
770
771
772
773
774
775
776
777
778
779
780
781
782
783
784
785
786
787
788
789
790
791
792
793
794
795
796
797
798
799
800
801
802
803
804
805
806
807
808
809
810
811
812
813
814
815
816
817
818
819
820
821
822
823
824
825
826
827
828
829
830
831
832
833
834
835
836
837
838
839
840
841
842
843
844
845
846
847
848
849
850
851
852
853
854
855
856
857
858
859
860
861
862
863
864
865
866
867
868
869
870
871
872
873
874
875
13699
3054
27222
16982
22561
5903
3142
15824
16403
21847
24401
19014
31784
9709
25425
20538
23216
18031
9663
5202
1666
3045
26324
22515
30020
10228
6637
26641
2790
20053
17716
3654
5744
20101
1149
6177
3070
30141
13166
26816
8200
19748
739
18593
10215
2116
32144
26549
25493
14266
16361
17846
5301
5170
26430
29883
1747
30099
31787
27146
27884
19063
23599
20781
14385
9182
26267
5448
19464
10531
28846
5289
13140
2095
17662
12961
15094
13804
12825
15250
5524
4860
27757
20298
27800
18604
18277
17807
636
29219
2517
16635
19014
26080
24984
25611
6222
13155
14968
23666
20551
10537
31821
14515
13437
30430
29801
15342
14940
16335
28212
9210
2098
12702
16148
5557
54
29497
18832
9112
31944
12
15284
8847
8698
17270
3255
16647
26704
2170
32219
5192
17604
4536
8853
4101
4621
28059
13294
7217
7969
23251
13097
15637
1785
20742
8102
416
13716
450
17414
11262
15934
26039
24208
18540
26386
10787
10451
9802
3518
4749
653
26481
18822
8886
17356
6600
28300
9421
31315
3858
22094
24546
5695
26378
4464
4765
18923
32690
26300
1584
8464
16360
17255
19850
4913
28730
149
1229
5430
5627
8736
9475
28247
1174
29333
16397
21563
6435
8320
14555
4705
21560
16618
19427
16576
17922
23327
31691
19882
148
25013
13929
24310
1150
15561
17902
20062
23458
18828
25182
17702
22083
29439
30532
15103
7775
18426
29091
23594
5439
12915
10799
6880
12108
13309
16317
28658
16932
19343
30201
3757
30957
26759
27735
4096
25322
3822
16716
22753
20555
4350
30141
16364
29002
481
9400
13901
27507
17852
25442
30689
22851
25324
23856
1688
26613
30864
90
29982
1945
32327
20109
17594
24934
12603
9697
23158
2129
21086
5642
20352
6111
6643
5586
8400
13623
1105
11463
523
9851
23523
25904
22439
29784
9332
6726
7249
18908
19369
30369
13707
1672
17103
14065
31642
13991
26071
1262
30879
26078
21407
32402
8964
3
7028
15749
5913
13362
25556
29401
5119
3614
28280
27383
16326
14758
7570
3545
30418
9385
24147
12154
10883
29466
7344
17547
4885
31063
9318
20328
14532
12470
4923
6474
6196
23137
16519
3006
26129
17509
15860
15958
13810
25861
21890
3230
2180
16468
10446
18513
1252
19459
21907
23501
24908
17783
17265
28869
16114
11806
32493
28470
32045
25092
17850
26780
18394
31905
10295
17253
25854
32758
25656
15014
1453
29144
23817
1549
7722
25483
21680
15895
2383
6034
19059
20610
31535
14790
8858
6406
1787
23974
31606
29248
15394
14062
21410
21231
7868
16491
25993
19298
32553
17677
23592
30513
29941
32574
17686
14124
255
17010
25537
18321
6875
25343
18938
1666
11636
20528
22964
32437
18166
5268
5128
2670
32747
12444
22909
8874
23972
869
32647
11933
13274
13779
24397
26463
18837
23519
16815
9187
17741
16434
19592
8488
9295
3570
21808
6835
16739
19676
15430
18236
11948
25491
13996
3496
26319
5175
10194
1591
6488
10042
28984
7167
5721
14447
23342
25241
7507
23140
31455
29722
4954
1010
14733
27460
25717
31762
24862
19966
5188
14322
20952
31746
16869
24393
17769
30166
8983
27367
17194
4093
15008
4496
10660
26222
19949
30474
29012
9285
24057
20853
3243
29625
10096
30939
2393
10830
28179
5384
22219
1355
5982
23964
22002
2671
22632
8286
5703
24800
31500
467
25612
13924
32326
11280
3028
1235
5599
24524
30533
19405
19789
7097
1821
4776
20949
19989
20083
18092
10226
17531
4928
18819
20474
19968
14365
17387
7679
17275
29518
4270
18675
27172
30464
21460
29968
25697
28367
4631
15735
9436
30347
23703
280
6105
28220
25807
30417
30407
20323
3272
19674
31252
26499
18316
22368
23878
7136
24030
4720
26952
6791
27432
31511
30977
7310
9909
968
11307
7581
19744
10237
15459
11438
15885
25377
10364
14864
8726
3758
10777
1714
11529
27539
10619
6302
20560
23256
9111
22724
29104
2436
13932
15865
31287
5055
18323
10559
20847
25396
31000
22343
6360
19641
24712
2868
15253
12594
13387
22178
9830
9650
25396
8935
15318
26340
19031
24472
22710
7082
32027
31312
31945
11011
21392
940
27585
10546
13058
9626
23146
8221
17614
20180
31782
14067
3956
14247
1177
32017
9710
9209
29093
23591
24896
1674
12697
30102
22609
27002
31141
28445
2553
16396
24722
29365
27995
1449
4527
26041
23669
20008
11279
6986
3317
11084
8689
1522
2894
2958
11392
11399
27660
30237
10173
26195
10084
18468
27321
8817
21264
22347
28679
15994
11866
7552
25201
12386
13430
20983
25066
1948
10516
4975
5316
2437
21302
1976
22819
27903
23103
5234
10930
31068
31053
5399
4244
3199
31945
12860
10142
19517
15933
15891
7363
1801
4709
14901
11215
2001
23944
27294
30297
24867
16904
6649
18162
29588
7481
29471
5283
13154
18031
5082
23191
29016
17499
15598
6164
10994
27799
17242
3248
9666
8575
9947
1217
23058
8771
29106
18965
28875
8506
17831
3299
22678
5241
14926
22786
13888
29861
28809
27481
13411
24069
32590
31639
30275
18395
7594
20004
12790
17909
11782
8791
13768
2175
3754
20713
23773
3611
21375
11945
14104
15412
19737
1906
26684
20878
244
17754
593
26402
30462
6189
24394
29482
86
12570
15844
632
23380
26283
9681
7179
22729
21755
22294
740
26248
20003
18610
18966
8997
12021
31360
28445
24316
27629
7774
28272
11893
27236
23695
1626
29063
31239
14174
7173
29819
648
20996
30424
3571
14739
7884
17922
24106
29956
14453
