1334
788
21000
9265
26265
21226
6345
30314
8376
9577
25844
29738
30965
16253
26779
17610
146
5996
700
17890
28441
21931
3268
12988
31739
22518
8529
24585
31607
27295
16444
24530
17085
11303
29655
8625
5972
20235
23411
25408
11705
11744
16166
1234
31561
26018
4299
5729
24416
27210
32329
12488
26563
18846
31001
28466
13371
4173
22274
7379
15747
1339
28711
27350
868
12058
24132
17046
26143
22586
16693
2064
12043
1186
11448
24729
3199
3679
9075
20940
1266
23580
17209
19655
9569
26099
1673
31127
28402
31875
16215
22256
18390
1603
12047
545
29555
10005
24536
15176
21955
1567
8982
31170
1527
9686
22834
9446
29793
603
26269
17651
10128
27147
31250
16454
21693
17490
2076
30929
22374
15039
8153
24008
19512
30814
31997
17821
21298
29506
31513
9263
15624
29793
19998
28991
10181
20901
9245
21283
20149
3647
5200
25022
4482
21823
32606
5551
30365
609
17627
14281
11487
11562
29198
25795
20593
27188
19960
31025
30441
14023
26257
31155
18101
17064
853
19309
7613
3126
8447
20663
2884
690
23189
15893
8463
8927
25508
15209
24522
16843
30669
9575
17063
31212
25472
842
11848
28270
2568
1221
18143
22732
3272
7229
29076
5278
30660
2357
1319
7602
5987
26378
28118
13405
23411
5088
18561
7187
27501
988
14604
10294
20474
21652
5
2860
21943
13507
4998
7092
3381
29762
16221
1146
3141
20531
4203
4585
21618
20351
3914
4672
718
17284
3635
31720
11506
16647
3614
19973
3904
9584
32554
24395
28779
31798
24640
3858
24122
22680
499
3245
10120
30606
28843
10488
14224
15871
18947
26161
13927
26420
367
14857
4810
30605
22562
13818
22810
18290
3119
2522
31653
14989
750
5297
28711
30518
29345
30664
18065
12847
20311
24578
7432
25234
32529
31087
5425
29191
6436
16671
11948
15674
13534
10548
10974
30861
2924
17211
24052
19722
28923
25789
4388
16795
26910
31248
23094
17533
23152
31603
3140
26866
9594
14427
9662
11574
8919
27911
24496
23733
19605
22106
16968
25211
5855
14314
25235
8172
15321
2133
11655
7093
32460
14292
25670
7426
10883
17682
11681
1778
20213
5182
24795
2119
548
15454
28080
29539
10308
16103
1430
21104
1824
23947
27203
3038
10426
595
1391
11026
20785
28141
11739
8540
3048
8263
15762
4906
5093
12125
23919
1404
7031
79
10719
32664
14108
5814
5352
29951
28577
28216
10603
2975
16267
4698
5030
4682
32694
26774
4860
15207
1852
24750
14585
28648
664
32575
6545
20092
17932
30361
20648
11013
8000
16846
216
8780
27179
30217
12142
5619
27958
15905
8629
9388
16543
13422
8056
29353
17692
3804
16066
22100
28098
20797
7400
15679
24868
31204
10441
23902
13759
23663
25173
1652
19862
7908
13132
10187
5401
3328
17736
24104
10571
13771
30974
7678
10532
1904
25281
19938
13876
23884
28744
25919
26762
13381
7088
25419
14804
31069
20420
12857
11208
9862
24957
19121
11714
8633
17093
11133
1454
4674
21120
31109
16424
8286
28109
23549
27618
21255
9865
26845
9286
15
17174
13713
12125
620
27482
24562
13040
10963
9994
9078
17645
7816
4392
20131
23307
6260
25802
11466
23985
16504
18206
14321
25109
3329
29355
10001
20385
25308
10201
11394
29850
26444
1716
30899
19971
14426
13805
21790
1727
32621
31521
27515
29175
4634
10334
3380
1211
5437
740
3866
4844
22089
1832
3414
21337
20188
11807
11170
28456
1687
6072
9657
8312
18220
16043
17419
9284
22200
6513
2230
906
11348
19603
10418
30637
21222
21032
9547
28185
28222
15001
6613
28453
5726
27304
4507
27709
32024
31409
31256
14656
4575
6959
1386
13607
6103
8833
4355
26088
25134
10223
25762
2969
10927
20456
23937
28377
13972
11661
22992
28268
15772
23924
30819
4133
18270
15781
168
6409
29405
26345
1755
28849
23644
19269
8317
21488
5492
7617
15618
6838
25443
26477
30410
5428
14247
28070
28754
17473
5836
19862
4524
28925
24962
28922
14892
26548
13298
16424
14949
23045
20306
13648
10835
11331
16823
13570
28634
12827
16427
20464
2415
7799
26368
20982
28950
10915
21604
16983
11148
14510
20789
14666
22469
29972
31766
11957
21145
15257
10946
9784
17082
17272
30112
23661
8425
22205
8600
22894
4201
6384
23590
3224
7092
8435
32172
21903
10606
27181
17933
7810
15767
24809
18295
27569
23300
3576
29568
1068
6416
9630
32373
6109
16783
32172
3310
1736
2819
12009
24486
11666
17171
26038
29066
23360
32056
9714
15376
21570
6586
1564
5578
1712
14555
9655
24379
21459
28241
25331
29161
4839
18682
5001
1459
12575
716
17639
101
4842
27915
18317
25482
6773
27838
2487
19586
30577
7011
1340
15060
9238
24546
17590
4293
13160
5056
17379
553
21689
2197
12107
25977
12399
448
18211
6950
519
30297
26994
32557
4954
12135
1906
6380
32031
5715
2617
32051
20658
18333
27288
5791
3860
15822
68
18467
4402
10414
19507
7656
17770
17590
16969
87
26187
18120
22068
7540
3740
12318
20373
31853
20128
7809
10592
28530
9881
27835
133
22472
2699
14158
21968
28697
21314
6502
9997
4367
16534
13837
9073
9249
28910
24990
32565
14508
29187
32636
10884
28485
20199
26627
28567
12110
16197
27327
15391
23239
23530
16604
6627
29799
31876
990
6826
27627
8874
31891
15195
1199
5661
24133
611
2683
5710
16947
23895
18591
17696
30531
474
30530
12014
31217
21954
4855
5072
10379
8822
21137
22042
1952
6042
12089
12838
10934
24815
12989
9044
5435
21364
43
6734
10174
30162
19103
26769
27999
26614
11865
1321
23940
28160
8210
3771
26062
8796
26256
11977
20556
4910
21113
16946
23022
20212
10341
27384
3388
9319
28982
28486
13639
6561
9388
2482
31968
24197
25140
3775
3593
15964
11265
2982
17833
21692
22622
16982
20356
2478
11587
9913
15977
6415
23078
16697
29869
10551
17427
6787
28889
13529
22527
5258
21152
19498
22362
21711
11284
28998
21219
9185
29465
5071
18368
26143
10009
28631
4814
4549
32505
21504
11830
17959
13132
4833
27969
26679
14535
9132
10861
26701
32501
13838
7104
5416
1836
15703
16732
8240
26560
14043
8788
14077
3958
12184
19390
22045
23868
19737
17929
14610
24599
23962
29841
2971
21340
13164
4977
16437
11043
20379
18328
12256
17657
8143
29984
26406
4309
21360
20443
17498
17998
3085
23086
19230
31242
27903
17954
20775
10106
20041
27832
26693
708
5827
20349
10653
9985
376
22623
17977
29865
21068
19391
196
13387
15842
8391
29838
20866
2236
13310
19927
16932
8612
2073
22345
28092
15179
2325
198
10555
10545
1410
17252
6890
964
21026
1718
6819
22476
19378
27470
25153
25862
11016
7807
8789
12303
24414
7016
20251
27524
25326
32045
14764
31848
15807
18056
18804
7622
10942
17025
27111
26519
4880
25209
112
15589
21415
15725
32426
25905
275
5241
25811
21779
7579
155
18558
27168
30093
11706
13191
7696
5586
18151
28492
29985
4293
30690
4122
11190
1350
10208
21734
26436
7177
20875
12094
28270
28468
7243
1919
11375
4138
6852
4423
953
8097
21152
17453
13275
11259
29070
19632
22184
18899
21386
2414
14486
6870
15968
26775
4196
14036
30315
14752
23040
11030
4259
18236
22695
1011
9687
19848
1102
5278
19254
8325
26177
28994
29716
5836
10506
20305
8427
3197
24468
16409
32672
4729
18320
31128
24840
7633
2840
8593
10155
19326
17810
20191
5064
3154
20440
13578
4249
19758
6038
11800
26327
28534
1523
5797
30849
9666
14707
12342
27098
2262
5915
32203
23473
30933
30423
20147
6884
7857
28442
27556
26919
8678
964
6667
17154
26216
15432
27041
18201
26329
25870
63
8880
32512
22
22515
10094
14967
10463
9043
28257
31651
28551
19473
11331
3817
28467
16336
6908
32287
9137
32566
7271
14401
16988
9027
31321
24934
6720
19681
26592
24306
16255
12988
10184
29708
1524
16723
31844
595
3861
336
17547
17100
28446
14356
27104
2847
11628
30359
1110
29444
9254
2671
22260
28152
803
1326
2518
11572
31240
19953
17781
24031
19889
28982
4904
6019
23763
8942
9962
3774
22495
9940
30301
24634
12329
4860
16655
2014
585
8367
28156
22598
32705
32630
25173
1649
7137
24181
13696
7610
32744
8186
26208
28682
2668
27478
30166
22091
24060
4332
2696
21792
17155
29831
481
31187
24815
29169
4697
911
4755
28609
25334
11471
22986
5236
15378
10518
13918
20927
13664
10977
25640
14884
1322
1497
17528
21700
21724
16718
30391
25460
16070
12001
25674
20242
22814
22912
17338
11802
29252
24728
22290
6516
25162
4997
27017
17296
5556
24910
20577
1461
13692
28815
29455
22422
4186
29622
7836
25895
10562
3442
10315
13998
3885
22889
9084
7965
25116
27946
11984
25759
10586
25954
7310
22385
24322
21330
31302
19187
21698
7808
15284
9471
21982
11949
3302
30585
10872
29192
4001
22567
24590
5025
2050
27331
31556
30240
15457
20815
30436
18103
3194
30377
13347
15445
975
26463
16422
22301
27464
11460
4804
13334
7709
24132
10894
18724
9717
23796
10764
7479
25168
28013
23114
20674
16162
9179
13971
2671
16064
22097
25981
7185
23296
2400
17190
29657
412
2791
24764
11726
12248
12076
7491
22903
29029
25644
15250
18394
18052
3888
6559
30123
13679
26785
27901
26045
2804
18973
10403
32700
3683
8906
28655
18206
11434
1515
15083
32343
24255
1969
4046
2636
20286
23635
30150
10763
852
28001
1268
22201
2779
22869
14264
24523
31686
4459
24880
6010
15552
2482
27899
9072
25360
12131
19523
17864
10176
6514
13306
12853
14334
10084
4195
17281
25794
608
20949
9530
30129
13448
30396
17832
9026
19082
30432
9217
31775
13169
29674
20192
14798
21186
21284
9972
18576
30916
9344
14837
1673
13599
31452
18909
32290
14248
6532
21588
8108
13180
6904
11884
15942
30796
29936
2190
21504
13815
32158
28341
20800
7774
22067
6361
31589
22900
24228
8111
7851
32660
5806
27023
5966
3608
4120
25525
30195
2599
22072
23469
17219
17870
28344
3337
9945
31570
22426
14165
30046
12997
9850
20557
27122
9688
11539
9805
3790
5616
18181
1800
6440
18556
13526
15997
15447
7557
10294
551
14392
29830
25991
7284
9936
21375
7836
27769
19763
1093
27329
3556
29604
7196
32764
15666
2301
8583
4499
19490
5458
17503
30670
14953
16337
23587
1278
18087
27628
8335
11198
2970
12731
20592
23161
32145
13723
15030
12333
23588
8988
24011
28270
27683
20250
4387
19629
3532
17705
27925
4282
833
17463
25833
4232
31545
28268
18226
305
13301
12373
6238
14137
19062
9026
31627
15383
2541
28396
7580
23793
20339
28251
22156
5800
22010
7175
29955
788
32387
2366
26663
11153
26770
25797
15285
25786
28383
21698
6736
6004
23631
10201
18969
6959
27938
8598
22399
1384
28782
26123
25177
4722
7628
18618
16690
2935
29521
693
28387
19898
12224
5123
30312
22302
15613
21574
20716
31724
7877
30363
27174
10705
14749
1218
16104
23590
1544
5503
18933
