1
2
3
4
5
6
7
8
9
10
11
12
13
14
15
16
17
18
19
20
21
22
23
24
25
26
27
28
29
30
31
32
33
34
35
36
37
38
39
40
41
42
43
44
45
46
47
48
49
50
51
52
53
54
55
56
57
58
59
60
61
62
63
64
65
66
67
68
69
70
71
72
73
74
75
76
77
78
79
80
81
82
83
84
85
86
87
88
89
90
91
92
93
94
95
96
97
98
99
100
101
102
103
104
105
106
107
108
109
110
111
112
113
114
115
116
117
118
119
120
121
122
123
124
125
126
127
128
129
130
131
132
133
134
135
136
137
138
139
140
141
142
143
144
145
146
147
148
149
150
151
152
153
154
155
156
157
158
159
160
161
162
163
164
165
166
167
168
169
170
171
172
173
174
175
176
177
178
179
180
181
182
183
184
185
186
187
188
189
190
191
192
193
194
195
196
197
198
199
200
201
202
203
204
205
206
207
208
209
210
211
212
213
214
215
216
217
218
219
220
221
222
223
224
225
226
227
228
229
230
231
232
233
234
235
236
237
238
239
240
241
242
243
244
245
246
247
248
249
250
251
252
253
254
255
256
257
258
259
260
261
262
263
264
265
266
267
268
269
270
271
272
273
274
275
276
277
278
279
280
281
282
283
284
285
286
287
288
289
290
291
292
293
294
295
296
297
298
299
300
301
302
303
304
305
306
307
308
309
310
311
312
313
314
315
316
317
318
319
320
321
322
323
324
325
326
327
328
329
330
331
332
333
334
335
336
337
338
339
340
341
342
343
344
345
346
347
348
349
350
351
352
353
354
355
356
357
358
359
360
361
362
363
364
365
366
367
368
369
370
371
372
373
374
375
376
377
378
379
380
381
382
383
384
385
386
387
388
389
390
391
392
393
394
395
396
397
398
399
400
401
402
403
404
405
406
407
408
409
410
411
412
413
414
415
416
417
418
419
420
421
422
423
424
425
426
427
428
429
430
431
432
433
434
435
436
437
438
439
440
441
442
443
444
445
446
447
448
449
450
451
452
453
454
455
456
457
458
459
460
461
462
463
464
465
466
467
468
469
470
471
472
473
474
475
476
477
478
479
480
481
482
483
484
485
486
487
488
489
490
491
492
493
494
495
496
497
498
499
500
501
502
503
504
505
506
507
508
509
510
511
512
513
514
515
516
517
518
519
520
521
522
523
524
525
526
527
528
529
530
531
532
533
534
535
536
537
538
539
540
541
542
543
544
545
546
547
548
549
550
551
552
553
554
555
556
557
558
559
560
561
562
563
564
565
566
567
568
569
570
571
572
573
574
575
576
577
578
579
580
581
582
583
584
585
586
587
588
589
590
591
592
593
594
595
596
597
598
599
600
601
602
603
604
605
606
607
608
609
610
611
612
613
614
615
616
617
618
619
620
621
622
623
624
625
626
627
628
629
630
631
632
633
634
635
636
637
638
639
640
641
642
643
644
645
646
647
648
649
650
651
652
653
654
655
656
657
658
659
660
661
662
663
664
665
666
667
668
669
670
671
672
673
674
675
676
677
678
679
680
681
682
683
684
685
686
687
688
689
690
691
692
693
694
695
696
697
698
699
700
701
702
703
704
705
706
707
708
709
710
711
712
713
714
715
716
717
718
719
720
721
722
723
724
725
726
727
728
729
730
731
732
733
734
735
736
737
738
739
740
741
742
743
744
745
746
747
748
749
750
751
752
753
754
755
756
757
758
759
760
761
762
763
764
765
766
767
768
769
770
771
772
773
774
775
776
777
778
779
780
781
782
783
784
785
786
787
788
789
790
791
792
793
794
795
796
797
798
799
800
801
802
803
804
805
806
807
808
809
810
811
812
813
814
815
816
817
818
819
820
821
822
823
824
825
826
827
828
829
830
831
832
833
834
835
836
837
838
839
840
841
842
843
844
845
846
847
848
849
850
851
852
853
854
855
856
857
858
859
860
861
862
863
864
865
866
867
868
869
870
871
872
873
874
875
876
877
878
879
880
881
882
883
884
885
886
887
888
889
890
891
892
893
894
895
896
897
898
899
900
901
902
903
904
905
906
907
908
909
910
911
912
913
914
915
916
917
918
919
920
921
922
923
924
925
926
927
928
929
930
931
932
933
934
935
936
937
938
939
940
941
942
943
944
945
946
947
948
949
950
951
952
953
954
955
956
957
958
959
960
961
962
963
964
965
966
967
968
969
970
971
972
973
974
975
976
977
978
979
980
981
982
983
984
985
986
987
988
989
990
991
992
993
994
995
996
997
998
999
1000
15881
6798
168
2187
31417
7518
17875
26484
3330
10937
23904
15670
9417
19839
5886
2511
13539
5313
20168
23810
25048
22392
29220
22442
19942
24694
19435
22351
26185
5788
23499
32759
5562
30030
15594
6206
54
26916
24524
27561
11264
25826
7031
10040
15337
17067
22997
25658
7887
17777
25433
21861
22628
20144
3557
18982
18224
7260
21228
31798
3034
8984
4308
23406
30115
22696
31646
19420
6195
681
200
2582
28312
23935
8818
10702
12172
12176
3521
25255
14070
7344
28801
8007
10420
19931
21006
686
12440
16682
29556
22470
944
22016
31445
7995
1739
27012
28171
12172
15928
5973
16527
7011
27345
29305
30873
21026
30777
19094
12169
11966
8289
20836
29062
26832
26705
13410
16485
7145
23077
32456
15820
22822
8277
22461
16535
30469
26170
28875
22906
4983
8654
14480
2792
31799
10932
9654
14388
29017
17016
11813
4087
30246
29207
15990
30129
9255
24770
17835
11955
13440
2015
10526
22076
13184
26705
13496
23778
4725
9465
23395
5939
3013
9852
23490
8093
3386
11335
7455
3979
7326
28369
22693
21457
27272
14112
25295
8266
1909
3983
10528
18111
28442
29134
14357
29963
24057
5674
23896
7805
9523
18447
14902
5246
28829
25547
23123
4724
13077
24980
8860
16614
11543
4557
11390
29664
16779
28293
24917
10393
3297
9793
27176
1619
29280
17403
18323
26243
5051
6250
9732
10290
26342
18564
16939
21155
24103
9538
29099
19254
22128
12451
9238
8844
16364
29683
28696
15596
13528
2893
242
23013
29332
2655
30762
16181
26874
7789
6017
2794
21486
4504
18214
28871
4918
4961
19497
26345
13453
27241
17202
1451
25586
29562
13171
7878
13894
4555
19931
20413
534
29824
11405
4984
15030
21873
9872
5934
399
5420
3016
22153
25017
22589
23845
17157
27085
2477
21786
31386
6132
26312
21585
20890
19524
30755
1693
13276
13645
7134
21552
8474
27374
1319
29454
18584
11118
21759
11457
2054
28359
12353
11342
20904
17477
30432
26729
15796
11856
112
32229
19196
28806
488
3694
4812
1038
166
30586
29718
9768
30387
30077
31180
13576
3145
1884
142
20196
2706
9765
24453
26444
27571
9469
6287
18106
11273
19802
21404
10346
16562
2930
10584
27243
22352
16115
266
1015
17161
1012
1467
13824
15059
2091
30364
10763
19694
16481
22178
29505
11185
4644
16243
9667
14218
17852
23429
30783
27201
21600
19332
9153
1916
26281
31477
30155
13960
5958
10266
18599
26966
19954
8981
22012
13508
18083
2127
6048
32286
6404
31259
10925
8677
21542
7575
26839
30671
626
24275
11260
22542
10723
16438
28669
1493
7282
14621
18125
8985
11473
26564
21191
4501
7003
6762
15173
25872
20300
29616
20334
19170
12333
11843
19279
2741
13203
17338
29486
1161
29449
31426
31002
20475
24139
8312
24775
24774
23989
28950
21913
21642
30970
29650
9983
19916
22041
19971
24322
62
9357
20870
10014
21057
18628
19040
28496
14249
23507
20388
2928
10688
21352
7064
15041
24717
26112
12051
19911
12630
32602
17449
24152
13923
22827
21514
19958
9221
3091
13352
32348
28375
11472
3736
30807
10052
18866
14779
29911
11849
23630
13085
31814
10108
887
16797
4120
19534
6506
719
4772
1165
31305
26526
24882
26669
3787
25654
21589
3655
28465
22305
6779
19810
12924
27567
8386
20722
15837
31644
32269
10270
10349
13293
5208
12742
1822
283
23624
2501
13553
1651
3846
23411
27498
9405
8782
15726
16194
21532
19139
31387
21851
21813
30854
27751
25593
32147
518
19027
21550
9034
28954
4783
6038
27611
9805
28837
1605
600
18040
17274
22782
30921
9879
11025
5029
22733
10709
15793
29687
10117
17897
19207
14457
24749
8613
20591
21422
11532
460
623
24461
22543
30757
3972
25906
18609
2253
34
19668
413
14801
22518
2551
27799
16636
23662
22499
29976
17390
9339
6740
13880
24174
21910
13939
16337
25346
12801
30725
14050
2492
23631
22243
21809
342
29734
12458
3125
5762
28740
19123
20274
25979
22976
12358
18598
18912
19602
16650
32484
194
24918
960
11263
12540
25677
4401
19689
19906
32165
11109
11228
1917
12026
21782
27129
16086
18972
32100
19504
11793
17683
5067
20319
15517
3936
6225
18366
12521
19590
31748
3962
13433
6089
26019
2208
24120
13622
11932
30269
14096
21475
11318
28868
27832
17784
6416
31151
9933
20206
13002
29289
12837
30359
24578
31340
30304
29535
29314
30886
27071
8529
22967
21538
30522
8029
22886
8164
2764
31320
6298
15893
14354
2372
7393
15968
12052
24274
1463
31643
29539
29733
7235
15530
2404
28889
2881
23712
3563
13380
21312
15912
27659
1019
20237
3620
9517
920
23663
6547
24416
22971
32020
15032
11760
9807
972
8569
18490
11791
8693
31493
8894
24392
26934
15545
7798
5088
5489
5701
16999
13463
13042
20234
13173
8589
29933
4807
24187
1029
20519
29045
2203
28008
11763
5743
14803
26509
19296
31446
13777
23095
6321
5940
30473
27103
11533
22623
24580
13236
8824
23457
5883
2785
28162
13845
16292
6926
2110
19284
1868
5161
31222
30545
14118
17254
8477
3970
16611
15748
16901
32577
31106
32339
14547
881
30314
8563
24367
18788
16566
6238
31296
29948
21200
424
17623
21009
5185
1414
27114
13587
18375
23438
837
20209
8104
23997
28796
30777
27719
19646
6692
14208
6389
10601
30018
1796
27401
18315
23300
7568
14131
32229
2223
16032
269
6007
23513
21958
14579
27134
7896
24908
3093
13755
31098
28699
31434
12918
23031
14043
10536
28099
27171
92
7633
24196
25832
32053
25359
20911
24564
13995
15908
5201
23983
10452
28891
32467
15216
18428
14691
17788
20464
30023
1117
12856
19967
9880
1332
11160
16245
17842
10413
11545
11372
2717
5567
5289
17068
21836
12452
26983
4455
19068
21552
32683
11559
14303
13666
7750
20484
890
9529
2315
18970
10827
9416
5262
22074
4656
32653
10027
9952
13060
24575
19274
16229
23307
4710
14050
28022
4752
27119
27708
30405
25292
31744
22522
20222
1034
9673
4183
27133
14089
4124
6576
32318
19874
9598
21572
19349
9898
11902
30520
14879
8474
2117
15582
25976
19053
10607
9270
26670
19530
26905
27573
31606
23907
15419
10566
16158
14749
23865
9103
15811
25969
4532
20597
324
16530
678
7394
19318
11216
23214
