1435
6309
17734
1563
18337
11882
4527
5105
28716
15595
21259
31104
29142
4902
26608
30803
12304
20122
24685
26259
21874
10320
9975
1065
25679
4892
13734
11043
13709
3873
11170
24409
22963
22163
22232
336
4164
18369
1521
10334
18764
12370
13956
26639
25912
24014
29578
1224
9962
5985
30739
23466
3085
25820
27192
441
32678
18173
16977
24126
6892
17648
12904
17514
26714
29461
8685
20539
23810
22276
4522
2724
31780
19663
31738
6376
22783
20871
1334
31559
27367
22273
4209
7900
26520
1241
3173
18118
6090
2744
3244
4230
23046
26579
820
6056
18359
19380
11757
31910
12420
29757
3268
21257
24541
11498
29653
15057
24788
21334
3548
10519
13359
1281
25325
9201
11451
23120
14182
30102
26083
21205
22305
6850
2176
22225
8430
28764
20979
29175
26176
25687
4466
11123
29478
11734
3999
7979
21117
20627
5215
15429
8805
28545
32489
19689
3313
12976
9245
11080
14627
17521
26392
18397
18455
10684
16389
25842
12926
31182
9525
11111
6734
14614
2675
31919
25784
23378
27281
9755
12379
12534
3911
22875
31671
17357
2878
3650
4068
26338
6759
12745
899
32161
23697
18007
27126
15930
7739
22847
716
29510
9126
29066
32127
173
10799
23544
9570
12231
5084
30785
2517
1729
28981
27552
30395
12099
23893
23698
20782
12367
24640
7132
11377
32621
19319
24267
11045
11525
17610
28351
192
12300
29550
29163
10044
5346
847
12630
7436
4987
29351
37
16212
20670
24016
10269
5209
20266
15703
32612
6711
21183
19025
2951
28114
15388
31986
21953
24078
7909
22875
21627
16195
5991
32436
3599
4843
9087
11387
22737
22430
695
12827
23632
5441
25011
31937
14297
31098
21708
14187
29245
6246
26106
12610
5844
9615
14839
32297
9154
14616
4257
1430
11641
30011
9377
29600
23424
8182
11850
16474
8818
1280
3523
16736
24393
13314
24681
31151
14300
28420
1391
7098
25767
23845
21959
29114
18379
21904
4934
8261
30037
22187
21251
30498
4291
32146
26368
17500
9157
4547
2828
23957
21056
31003
22759
21405
3992
10241
18344
1091
14639
25057
14940
32363
14889
24028
25072
27745
7283
9149
30289
30829
11011
13615
2769
24488
2401
22318
461
9997
25702
4028
25484
9939
8259
11221
7275
24571
10182
24996
26167
20517
16601
25335
24795
14247
2636
29681
7739
1504
1748
23038
9567
24522
22867
14092
12500
29903
5721
9465
11343
5598
20203
9543
13716
17085
14468
14615
9366
8609
5722
13653
24288
5372
18402
10032
31283
25494
8342
23757
29297
9951
27894
26172
30393
29572
18637
8875
4564
28736
10933
11737
12752
20213
18653
16846
21226
23547
15114
24778
20914
6071
32220
23419
10345
3696
15187
1906
7086
25183
31889
14808
6746
15365
10466
23133
21672
5314
30201
8818
20121
4002
11645
23736
29078
21626
27588
14520
24919
8500
15326
1748
6149
1383
13525
28797
3483
31787
31795
167
28306
22571
20933
4218
9661
13819
2207
27723
15730
26796
4448
17610
23530
5278
31159
16509
24298
27798
1318
16749
23203
17680
17158
13087
32728
29143
17868
29893
11582
8658
24458
13238
12328
11553
1977
18972
30819
2409
20021
30188
17247
22635
32649
31772
656
17628
24173
3088
276
8560
5773
30549
3222
32313
19596
4497
9586
10287
28489
19642
31258
18192
11873
25991
12728
3434
14837
13348
18965
12021
12205
29994
3257
4391
22780
7886
24404
27139
7846
5721
29532
16690
21888
23000
6392
1876
18551
29204
14621
14232
9172
16580
15094
14218
9663
32514
22666
26925
14337
32764
9881
9034
22286
3052
21446
1031
27202
26442
25340
20923
29035
23103
25866
24065
11144
19550
30096
7948
6864
18575
32543
29498
2550
32075
2716
17131
30380
3343
7653
29843
1382
17162
28087
26382
25184
25
26320
26164
13282
29686
21072
19886
451
30381
6501
19976
13868
5711
27687
2054
7070
11497
20417
29244
31798
4791
22482
15577
17968
16534
3859
10180
22955
30392
21305
32490
25515
15259
10269
12502
27236
18236
17946
13186
28342
11912
26550
11116
18164
25363
6789
2285
5865
23308
5963
4038
2333
30065
25953
31996
11604
28287
19802
16103
8280
30829
24293
29573
24824
19545
3573
8468
30289
18307
11040
23775
19276
26809
15173
21592
25448
16914
29298
27751
19642
13023
22021
27394
29490
32223
18961
24318
14623
4018
3587
14884
30965
2448
27781
20872
21582
25659
8866
14358
29744
16178
16939
10094
7822
12328
4954
27378
17681
9908
14774
284
28952
14410
8246
26390
12541
26730
28841
17028
27290
16663
6741
23972
14091
20363
11231
10650
11190
22825
1131
15109
13449
23731
8195
29910
25475
13245
829
21858
22902
26722
2584
6582
11275
4917
7720
11050
27910
21882
6131
2873
14027
17303
20378
12687
25121
21445
8380
4196
18743
9483
26007
13065
15333
12909
11632
10944
2355
18017
12853
15825
16927
17026
20834
3290
6555
3976
3105
8807
1494
18808
21173
8386
1724
31768
7960
525
13760
934
8931
7821
729
26057
3183
27977
17098
14024
10042
13012
29351
24314
23436
4711
21653
21630
20826
13618
18897
7467
14954
31732
3572
11466
1976
28362
14197
29571
3609
24388
8559
12438
24094
28862
8868
23884
21307
31470
13763
17452
7720
31417
30438
6257
20104
1355
6751
8636
8137
29030
16564
20487
3403
11002
19432
19418
29124
25847
6652
22209
13795
7519
18614
4093
21043
10143
26273
29050
10307
12575
13653
6401
30468
29720
24824
12719
28274
3238
20741
4518
9846
9246
30284
24578
32011
26273
14907
22287
8097
30449
29531
30393
17342
21636
797
15171
21227
26583
215
11324
3534
10501
5642
22447
27284
5272
28646
3483
12946
25247
27152
28578
9003
13313
22178
10501
5620
10768
1908
25296
29718
7265
31898
18514
30964
24796
23597
12240
2062
23055
5967
15227
6693
16327
24681
1694
1441
21986
22199
13084
9775
1375
2823
27418
10158
2999
16829
11001
30796
13424
5659
26503
9708
20719
25279
25718
10956
25230
4973
20237
28004
10990
17423
28957
30609
5775
20730
4151
10482
13725
15475
19740
26770
14093
3442
6005
6600
6633
2982
2500
22620
2280
31928
16795
16363
5186
18132
2060
17037
15810
7270
24160
21172
2845
5409
17163
25688
4738
22598
17120
2385
13682
15395
10882
11524
32210
32474
27675
13121
20799
31843
3408
32364
28321
1492
12660
8411
27139
15840
5115
15744
6818
7838
1842
23496
12099
3212
19246
12994
23754
6868
20738
12164
23305
25806
15926
15051
9174
8389
17524
481
10336
20478
8579
18116
28867
12278
23418
31620
23001
20716
3373
11501
25939
30111
22252
102
20489
8281
18285
18713
25231
28972
20742
30804
12297
14716
7967
27951
14144
26814
24552
26480
6645
13950
22087
8619
24181
11687
18453
22190
28525
31999
7305
13852
19968
12529
16116
3159
10775
14991
6575
8611
21752
26583
15698
5257
16923
12597
2087
13178
2616
74
25055
6581
9381
21484
24451
4971
19167
25966
25517
3360
14951
13089
3831
4692
18639
5146
5300
8035
32276
14646
18398
19114
10542
16220
29776
2283
8934
14082
22581
4338
13032
17651
20929
8825
19225
16463
5407
13386
3370
29139
32426
19875
20078
22618
21855
3806
3560
5796
4498
11601
4265
28247
31713
26228
6233
27715
14439
11841
26643
10730
4658
7393
2934
18496
6902
24452
5112
1967
29442
12433
16510
8542
19828
6911
17194
17843
1193
3330
6516
25623
21240
32235
10877
8185
928
11081
8095
5909
12286
12629
11081
23798
23812
653
12810
20409
3302
670
2539
10773
6422
18567
17410
30360
26739
19452
13380
18483
21950
520
11163
23545
23117
11511
6201
2084
20739
25459
43
7257
25983
4845
2609
5933
916
319
2253
21735
23289
4495
15258
7047
19266
20598
15071
10248
19471
2913
16740
8419
9604
30520
18564
4564
3321
10814
10884
21728
31218
27961
16163
3223
18257
10194
9842
5015
29898
27710
13798
1361
7320
26142
15276
17424
29038
12452
3132
8247
22705
22520
3633
1225
29924
2522
14424
19759
13412
14728
13831
10294
14421
15074
9648
11352
10204
6348
9653
316
17294
10964
9086
17024
19753
11797
8394
32693
6018
25946
25410
32171
21183
1159
16980
7407
26822
27445
1854
2451
32246
29341
4969
6189
27156
21175
16633
29730
15752
25251
12706
805
9929
14407
32701
8698
19478
27450
1435
7808
28007
32480
12057
4846
25251
14295
2420
1629
18963
24722
1375
30343
31511
16708
8019
11982
4375
20224
25127
4224
8893
22046
30688
12377
31073
9184
15562
27977
23749
29526
2248
25720
18179
8574
8936
26248
5315
27824
4922
21018
1457
17209
18147
30611
8495
25927
14957
27168
21318
24069
7777
25079
21987
6150
10776
5088
14912
4327
4302
8692
9888
28720
19704
2469
7231
1404
13783
13055
22921
29146
4942
1326
11402
114
9201
9279
18854
29292
18782
15403
31370
16909
20176
32017
14690
8483
32241
11459
3148
13988
30192
29060
13581
24466
30932
14864
2308
30497
8976
26333
1372
27164
16727
6305
29573
6533
14513
18452
12772
20604
13519
2807
29897
20833
4251
10837
5026
15933
11540
28169
13935
24670
10841
16768
30582
4930
14083
5568
19768
22199
27064
9385
20643
19519
22782
31099
13193
9145
25932
25241
31569
15166
26983
12429
21485
30282
17644
26187
3852
4124
29992
16058
9104
27999
12336
11120
16706
12553
13870
12477
19652
6276
19706
17132
22472
25356
6634
2245
27008
18520
19946
10071
11093
17020
22479
31476
19932
12046
4328
24956
14854
2951
6102
31199
25239
20717
19870
31965
18905
12975
10493
4880
3985
17617
21500
19501
6962
19784
18371
7047
13905
17576
23218
32212
11097
18940
29870
11316
15488
3573
23993
111
1785
31048
23238
28286
9835
4689
3275
14158
11427
26108
17943
14528
16774
30693
18918
32500
32585
32190
10803
31431
24292
27122
14285
410
18627
2439
14509
31318
7615
14665
22663
23468
19534
30245
1951
24482
17910
19667
15326
4171
26888
27832
18469
4565
12938
25098
15841
19914
19573
15157
3296
25487
19489
7549
21859
561
13565
3301
8308
3936
4995
27472
29305
16316
17515
29415
27658
1104
15391
12218
27904
29020
25200
15530
28110
600
22151
18310
789
24373
12062
8308
16242
1766
2800
22675
26523
799
1389
13278
11434
2397
25523
29268
24760
11558
3514
13398
22958
1938
10190
32336
30296
30730
24643
8091
31163
25168
17764
162
12457
3519
14252
7236
5522
2517
19513
10362
26269
15342
13181
12858
25079
31314
30775
12443
7275
22642
10913
21305
9780
2159
19435
4059
29199
30172
3561
13139
12948
32197
15113
31142
8645
26608
23175
29037
26344
1378
25828
11899
3730
6181
7316
4032
18693
26697
24311
7277
25275
10793
394
15449
11075
6640
3935
20388
15948
28763
31434
27034
25344
5312
5982
13018
30099
12367
28695
14007
3867
1688
19929
8158
24482
14157
537
10297
28281
19785
18906
16404
13520
16082
23772
12415
18052
17179
32016
15603
32056
8461
6734
2104
22951
23367
24138
16517
3896
23908
13509
22250
28116
3708
9216
17899
7668
27885
2422
11118
25342
5979
3786
14807
22481
26357
27391
17521
22942
32506
17383
27408
5371
30076
17374
10484
26930
31077
14264
19185
5599
6583
18679
4301
26298
4632
10305
32234
20913
16525
15378
7460
15162
10374
10159
15357
21735
10011
15963
24824
19002
15509
14028
322
12220
3888
13024
14743
26697
2847
28557
3684
29870
17361
12566
30505
24950
31347
16261
14626
18176
28086
1877
21798
4053
22226
12911
3279
31033
14283
19800
17115
512
24306
19624
15058
15267
17328
1726
31721
12691
8319
30130
23335
23245
28217
21899
28870
18863
9365
29362
31964
3594
25582
15527
32571
32120
27719
28915
1685
22000
1421
29278
31460
28311
15643
8289
26376
27353
7300
17118
1458
9145
15756
24079
5506
15205
24439
701
14444
3854
24967
28338
25184
31478
18112
4464
6954
9419
9966
18723
6039
16435
12521
27605
28121
424
8728
28897
26924
13190
22324
20138
16570
8546
23118
24716
13756
19870
4628
26899
23779
9530
30288
1131
5878
9709
28081
7960
31932
10869
14542
17639
16924
20779
3688
23589
21635
12506
19695
8462
14470
20433
25928
30088
27337
4407
25294
22802
18463
3231
13463
7415
16626
988
7160
10439
23526
27415
25675
25351
19385
14111
18415
4648
7278
26111
9873
18870
15274
30166
28842
14290
24670
15843
27721
26338
5542
24032
14099
18311
27889
14225
10632
5840
7011
9884
32648
29869
1655
27291
27157
16038
1001
30576
28250
716
20691
8152
13804
7920
1046
20036
13393
24596
32763
16356
17855
13855
10010
30212
11045
20437
22651
20891
1904
13061
30460
3361
16903
9476
32754
