1527
12352
26410
19976
12233
23527
26140
21445
32288
7289
17118
32337
26438
9447
25397
24750
9544
11740
10409
29590
13828
17802
4407
866
8578
19626
20550
13610
31368
17598
29660
26414
19816
21402
27154
28788
28957
8226
31429
947
28310
27733
2447
14704
29266
4235
13301
1383
31789
15354
8162
6956
16762
7807
3669
1554
30033
24476
1622
30796
27434
1725
11310
5458
18347
14527
6359
15239
13247
28338
17842
4376
17896
2526
24696
22567
5590
26885
7027
20009
11832
25320
19950
6796
20690
18956
30954
4253
16592
23998
1042
18602
1882
19541
18161
21603
26216
10935
12899
4742
28120
1311
11849
26044
26302
27933
32641
21182
2299
10462
18966
18875
12049
26541
947
7934
31797
8122
27230
30412
10406
31002
21346
10379
26686
27152
26253
23850
8006
26763
6556
27836
22927
21743
32756
16230
14270
536
17043
13692
18152
32413
21573
23271
30303
849
13851
27082
8139
11024
24601
24677
21884
22456
8751
11833
27390
26741
4459
15468
27630
9538
21868
21872
29965
940
27162
12256
9107
10457
10644
8362
3782
19658
12906
14451
32714
25309
32269
20535
23483
11158
15235
18736
29689
5022
16991
1018
12483
1036
12785
21236
18952
2020
4282
27625
633
27357
34
7408
6371
13672
22638
18576
25532
10733
16620
27944
19196
10072
6256
15246
5166
5332
16900
247
13510
15062
10716
26647
7861
11614
5768
21897
15163
11130
6765
25456
2044
6155
14710
16479
2647
28619
5895
30070
3315
24719
16435
22478
23450
26058
26158
10520
29003
3667
7429
11136
19594
20328
29324
11480
24059
2290
29080
19698
17711
7946
25967
845
20414
19645
29053
10228
28310
5132
20809
932
5522
28471
21671
11053
14671
10044
27694
10778
24379
29594
23020
16532
29678
18266
23129
14468
23486
28496
22922
5624
29069
26015
2215
9928
26598
32379
26527
13689
16457
21043
5914
25441
19650
2158
1712
28172
28608
26804
21336
25567
3621
21553
27171
3067
26522
3254
17194
1381
18725
27905
18628
24931
19965
30270
16125
15657
8861
22222
16196
7860
32279
20038
7268
6391
17835
4795
17078
31541
3736
6973
26772
4014
29234
29601
8976
11645
26677
32132
13030
8641
7001
17036
7600
13307
27686
15345
26457
18871
5642
13116
32724
28015
10921
8271
14606
15532
22388
10406
22817
366
10621
9180
7370
31438
17289
18801
15901
6370
14951
27594
21367
12257
2945
25721
6837
26247
25009
5567
1187
25531
7254
9551
5303
32624
19622
21589
26880
31433
7494
6327
32345
896
22552
23451
1250
1672
32340
297
22705
5617
9946
7570
29380
26125
5830
31569
26170
9681
18501
22193
15811
13949
21416
29327
19798
1664
28343
27233
19490
5013
30280
25975
19142
22579
13840
3969
22980
10276
25272
31314
29747
16499
31283
19683
693
3724
32336
25499
2729
29343
15755
17869
23970
325
7721
5251
23831
2150
8068
22138
9820
23386
1443
17773
15056
10830
25357
150
30809
26858
29919
18547
30221
2097
1309
10182
6450
1960
18246
11743
30313
8634
25387
7709
21286
5979
8704
14515
23395
24300
29108
168
24470
14942
12926
8994
12000
30875
697
25571
24967
26145
31985
13076
10150
12528
7230
20545
28707
17319
15056
7846
31714
23530
24268
3753
12600
24582
18775
16551
17315
14296
31727
17651
952
11499
10242
7452
27484
5600
15545
25199
14903
20755
1813
13757
13926
21115
6206
23647
25968
18642
26136
11894
20860
7670
23062
14967
11969
22160
16979
16872
30013
5363
22751
29540
17066
17223
21846
1509
6318
10470
15544
6467
19282
28422
25460
32759
13237
22681
21958
22053
31490
12657
6723
2522
4511
14504
691
14482
9895
2623
32542
1533
13211
19461
10026
20482
28756
8634
28068
25605
17212
11381
12892
6501
446
6467
9782
30025
5371
785
13694
15261
22207
11212
27772
4439
15027
20678
2632
5119
6100
7772
13792
2670
9763
1750
2424
4822
1182
142
26641
29186
23408
28501
20813
26591
28261
15634
10114
11580
13216
26028
7181
32462
17040
31274
13801
22903
12064
24345
9856
19399
9518
18990
24768
196
22591
17197
9842
26598
7025
11273
32711
7782
13745
5197
20788
32185
17965
23482
896
29527
19724
26674
29212
1472
11357
29397
5042
10945
13646
12393
4352
21235
5535
22783
15847
20102
14678
21203
10431
28476
29875
1141
13294
3000
2662
4646
28089
18425
25088
2693
6746
18210
680
18027
9298
10876
9743
19
26368
445
30630
25982
1907
4235
21518
10773
20349
3388
7375
23441
16136
15584
29774
32280
18349
4225
30201
13224
26243
10153
16069
29369
4149
23589
23002
4126
9048
15113
25996
8237
21755
3828
1166
29471
19327
24469
28514
12474
23465
2670
14868
22317
7157
22744
8744
8507
16941
14152
30929
6043
32571
29136
32100
20895
19772
6633
15371
10517
25557
31087
17598
25963
18122
14061
20079
8726
8908
3867
6789
29747
27795
18341
11404
4975
30253
16174
10795
2597
28310
16021
30550
12487
32648
28535
25284
30847
32148
7157
30372
18710
24178
7095
16780
30228
27030
4656
11186
3881
22275
25124
11358
4043
20580
31336
29599
12833
2137
24554
23614
26912
23567
6385
14832
17908
13075
23973
22479
19617
4456
12753
15115
31722
4055
19432
32221
3186
11910
27974
22205
11041
13772
4025
8149
13001
6468
3136
29365
10505
4384
7954
11336
626
24000
27874
27911
29161
27012
28002
26988
18252
15582
24326
7850
8537
30891
10250
16283
30411
19139
18614
28154
15045
4302
17121
5074
8308
7514
6836
28982
16881
21291
21680
12851
11876
2770
5362
8451
9071
30338
17334
18563
30154
30750
23323
6888
27946
7574
16934
28845
5992
14196
22792
29647
22239
15794
6820
19261
12310
30415
30540
6794
6815
5410
19659
10726
22846
15981
8105
19020
7502
12725
31146
18941
31073
32593
4504
3372
26407
1858
8258
7931
25745
12738
1733
20134
27701
5663
10762
11518
19701
970
10128
32282
9435
8619
18284
29513
840
6072
20366
16714
30286
30406
7237
26304
1882
21151
8710
14048
27414
16980
15465
31853
26765
15061
28276
18662
15249
30654
30748
17406
30297
26228
25865
3916
9839
18289
30874
4676
16586
31196
6953
16998
6454
9565
11408
15285
26877
13871
24555
15723
10432
24439
1184
24299
16806
6100
24733
4343
22969
17463
32737
16163
16268
1269
7486
9609
14625
22810
2141
11967
14859
3073
11522
28166
17616
8481
8081
2500
31633
12842
21202
10805
9197
29521
23281
16477
8738
20967
25033
14657
12149
24881
12385
29014
20437
2420
29111
31802
19131
11599
4797
5282
11092
14669
25506
18580
3042
20923
24146
13782
12384
4791
13888
27302
13412
5770
5475
16043
20554
13880
10878
14380
31119
14421
27813
20864
25211
25113
14333
12997
7427
7863
10179
13269
25837
12523
20880
14966
21813
8914
17883
18641
3248
26623
31167
20518
1519
26059
32254
7101
9830
21996
10055
26656
18637
14154
2996
31367
18119
16654
31127
19604
17858
3067
19318
8256
19230
26113
15700
4118
23441
1039
10034
28575
10698
1578
16598
4125
6228
444
21195
15739
4798
1582
30889
1925
505
20408
22679
11093
24577
7288
29709
12557
11967
22466
30175
4556
22063
4024
8567
31194
11710
26906
18273
31526
13558
1375
25358
17395
16220
3844
17873
11726
6041
24612
29486
14531
24025
30537
4692
18128
9585
11906
6376
11162
5572
26805
4868
25695
4711
10551
11392
3116
11907
18842
24432
24656
28539
16838
27629
26896
8911
13899
32025
6812
19265
16630
8029
578
26934
10147
27637
21474
8798
30033
3503
27554
3223
10620
751
6114
8207
29095
16631
16243
5289
8504
7269
14339
11939
23432
6909
24796
15989
9275
4777
21967
22524
18893
14782
20074
1239
24174
3201
32114
30226
13072
11242
1165
30977
2238
6568
20542
13167
27695
30052
28694
27385
28571
8010
16169
23476
14029
25542
28864
25110
2426
5259
21837
31763
24529
13018
27556
25990
7507
3841
4711
21459
28133
290
28098
5322
31011
7989
21849
5327
24568
5200
24191
4152
14443
32038
22185
29687
31676
28111
16930
12665
6832
1223
13056
2510
11305
12088
3158
5129
27129
636
1451
746
28664
20189
683
28090
29013
20384
4893
8311
22569
7235
12053
14129
850
16130
875
2228
5758
5280
25195
9319
4230
22883
11470
26484
7166
1889
18154
27945
19978
27130
28197
24223
18290
2726
687
26009
27641
23281
6513
18094
9195
16323
27200
26283
23542
25061
28247
16179
14138
26561
17156
1704
10147
31849
9377
3919
24695
18395
5574
8622
22315
15492
1725
22073
18043
24066
4406
12846
26554
25902
7228
3006
22118
25946
31848
31085
20991
22231
25685
20667
21017
10939
14675
30724
8369
19424
8288
4005
28349
12592
22356
13920
5894
25888
11867
27906
826
9851
13736
23874
26429
1633
29544
2029
18113
10127
13813
7744
30998
737
22093
2709
8003
21780
32450
27715
16469
6609
18931
2751
32759
14311
19962
1031
9027
17113
26599
14912
22488
30104
23406
17565
28973
19089
6876
26500
4133
21738
19279
22508
26851
16137
22823
19978
6879
4695
12472
11052
20281
11331
28481
14053
4430
1161
8226
14186
5514
10420
23113
26940
25213
4321
20974
6663
4144
12743
12928
27338
4537
28660
21727
32057
15629
22617
9675
4192
1302
16905
20637
20616
6661
15678
564
24158
25578
29597
22579
20818
2945
23995
20586
14654
1359
29151
19601
25416
21230
12298
32316
26121
28326
12084
20235
14575
5437
4057
6433
23263
25103
30644
17368
19487
29025
31435
6323
24436
31986
5547
25749
9863
9939
7413
14640
32141
26233
17945
25279
31271
19473
11618
26104
16775
3603
32051
6716
2517
5402
6800
13330
19153
31219
31455
21459
25017
10739
1776
27815
11373
9614
12092
6063
24529
3366
5482
10116
7539
28705
28440
4065
3182
4670
1495
30108
31118
6953
30839
31451
17076
25677
8582
7044
4476
22761
18195
11765
10526
7270
30647
23542
19346
27368
14551
10219
31224
26659
27171
21071
5174
20592
610
13149
7139
16415
2418
23824
7780
1295
29578
6478
2644
11901
16835
6240
29738
20250
3031
25510
3605
9568
22312
26761
22315
7717
24324
12208
17859
25969
12839
5239
28959
31117
18817
4253
32335
29788
31802
28732
21585
32494
29940
511
23421
9043
3152
6031
19489
28845
11443
27214
20584
9609
9034
14408
32128
21616
587
11623
26619
14008
30846
27878
22390
8608
16893
20231
23929
20893
5688
9993
21407
32750
14139
9556
1271
30326
1588
10744
1705
5579
16687
6997
989
395
20005
5403
216
26351
14133
886
22888
4514
15409
32386
32387
17107
7516
31237
14123
32393
882
7517
26772
17206
10473
22455
10633
24464
10359
1154
9484
23196
5332
13348
4157
8715
15809
27883
14205
29386
17993
30790
26322
12245
28743
4149
12685
6988
16680
254
23851
9672
25586
4898
29562
18415
27781
20879
16381
6726
24610
23
15504
8007
10025
22049
12623
29620
19495
20894
2997
22826
11279
13887
12545
20217
31688
3301
20446
11571
18152
14170
30018
30211
19392
27710
26775
20800
22680
12100
4889
26178
3643
6558
30335
2037
11191
1717
30429
26411
18270
31006
31689
16183
6416
19401
11453
12471
14781
892
19644
16049
31781
21632
31032
8674
17122
12443
20532
26194
30633
28990
16806
1836
1997
29182
4127
31949
2564
12104
17581
28955
29038
15697
6657
3608
29139
11085
8909
6839
31021
9953
12144
23022
25190
29658
14037
24588
17762
3103
18072
21069
2112
31716
15979
17579
5597
20001
23225
10744
23962
7491
21129
2602
96
7201
3236
29430
20193
11057
12282
22176
32032
19964
4930
19729
12083
5327
20449
27434
17223
20148
31757
9304
31974
6048
20530
27240
30069
5870
15252
32669
30209
524
11319
12032
7739
14197
3580
24312
31936
1503
17676
12826
31902
29621
10105
10818
19476
6855
14883
483
8346
27713
13529
12187
31777
28889
4545
18443
22428
22861
11258
12773
22207
29453
12671
24646
26887
21812
27727
1863
31738
22973
9931
32463
8880
14068
12127
18347
22162
19754
16228
26336
13666
31917
18757
2879
24700
6136
29153
12603
24923
17958
14641
14584
14174
27053
5675
8868
29388
24392
2534
25866
279
10549
28158
4708
3677
23201
570
16241
8244
22369
32108
24776
19879
15330
9625
4716
14460
355
13146
32160
11193
12897
1154
20733
870
17235
25089
32449
16787
25496
23817
13674
29853
23214
1903
18052
21166
17828
2899
28607
11907
18642
26115
14916
10610
2503
18973
25673
18091
1411
27892
2275
17342
5863
17205
31260
23133
16745
28875
326
20323
5132
28671
31119
29462
14480
13284
30933
30377
741
18930
31419
15110
5350
16113
16892
31946
27204
19225
25599
400
24768
2423
12972
10866
4254
16018
30847
4045
2390
29263
15066
2629
18060
24850
30368
19721
28994
2086
2815
30040
16717
20831
18061
13125
4869
8701
19095
28599
1345
20692
14517
5043
13187
18346
24226
21726
24687
21473
21579
11069
9346
27222
16422
21568
29952
25224
13765
1791
5934
27901
25259
15811
21442
18657
32094
14536
32408
31985
10942
7745
9894
6039
19860
23453
562
14934
29806
11273
27458
29801
22955
26678
85
12455
10706
860
15696
15018
1064
22911
8379
7984
27009
13041
12589
27585
3414
8472
30469
4499
15640
6257
15963
28586
20932
27605
13623
18499
24504
3323
14848
9587
6341
13887
28215
28940
5253
24993
24933
17344
29422
12561
26705
12169
3368
11242
29815
2376
10396
30140
32694
30124
24654
25166
24649
15701
14444
2787
6392
11321
4135
18621
31119
71
26049
14560
9104
11083
8423
11544
18213
27666
22338
11837
11352
718
16201
29622
23686
1211
17753
29756
17
4867
30471
29664
17494
30944
14517
13136
24031
29952
31075
9302
31449
12845
22728
18337
14792
13101
29601
6088
30841
13799
19018
9612
3896
20936
30091
18782
19524
21861
7604
3617
17280
10082
26604
14640
18027
11922
19910
5027
6226
1375
4885
22734
12997
31853
19970
28171
11847
12410
13659
18362
9033
14217
10542
8069
5978
10559
10647
24553
19096
1677
12246
26865
31082
17551
7588
4677
26225
32436
14024
3684
16571
5152
22757
4910
14906
13390
26006
27557
25205
7930
4796
22260
6526
6974
5399
22705
12068
27131
22804
24159
617
14202
15846
24119
13623
20563
1752
21288
