1
2
3
4
5
6
7
8
9
10
11
12
13
14
15
16
17
18
19
20
21
22
23
24
25
26
27
28
29
30
31
32
33
34
35
36
37
38
39
40
41
42
43
44
45
46
47
48
49
50
51
52
53
54
55
56
57
58
59
60
61
62
63
64
65
66
67
68
69
70
71
72
73
74
75
76
77
78
79
80
81
82
83
84
85
86
87
88
89
90
91
92
93
94
95
96
97
98
99
100
101
102
103
104
105
106
107
108
109
110
111
112
113
114
115
116
117
118
119
120
121
122
123
124
125
126
127
128
129
130
131
132
133
134
135
136
137
138
139
140
141
142
143
144
145
146
147
148
149
150
151
152
153
154
155
156
157
158
159
160
161
162
163
164
165
166
167
168
169
170
171
172
173
174
175
176
177
178
179
180
181
182
183
184
185
186
187
188
189
190
191
192
193
194
195
196
197
198
199
200
201
202
203
204
205
206
207
208
209
210
211
212
213
214
215
216
217
218
219
220
221
222
223
224
225
226
227
228
229
230
231
232
233
234
235
236
237
238
239
240
241
242
243
244
245
246
247
248
249
250
251
252
253
254
255
256
257
258
259
260
261
262
263
264
265
266
267
268
269
270
271
272
273
274
275
276
277
278
279
280
281
282
283
284
285
286
287
288
289
290
291
292
293
294
295
296
297
298
299
300
301
302
303
304
305
306
307
308
309
310
311
312
313
314
315
316
317
318
319
320
321
322
323
324
325
326
327
328
329
330
331
332
333
334
335
336
337
338
339
340
341
342
343
344
345
346
347
348
349
350
351
352
353
354
355
356
357
358
359
360
361
362
363
364
365
366
367
368
369
370
371
372
373
374
375
376
377
378
379
380
381
382
383
384
385
386
387
388
389
390
391
392
393
394
395
396
397
398
399
400
401
402
403
404
405
406
407
408
409
410
411
412
413
414
415
416
417
418
419
420
421
422
423
424
425
426
427
428
429
430
431
432
433
434
435
436
437
438
439
440
441
442
443
444
445
446
447
448
449
450
451
452
453
454
455
456
457
458
459
460
461
462
463
464
465
466
467
468
469
470
471
472
473
474
475
476
477
478
479
480
481
482
483
484
485
486
487
488
489
490
491
492
493
494
495
496
497
498
499
500
501
502
503
504
505
506
507
508
509
510
511
512
513
514
515
516
517
518
519
520
521
522
523
524
525
526
527
528
529
530
531
532
533
534
535
536
537
538
539
540
541
542
543
544
545
546
547
548
549
550
551
552
553
554
555
556
557
558
559
560
561
562
563
564
565
566
567
568
569
570
571
572
573
574
575
576
577
578
579
580
581
582
583
584
585
586
587
588
589
590
591
592
593
594
595
596
597
598
599
600
601
602
603
604
605
606
607
608
609
610
611
612
613
614
615
616
617
618
619
620
621
622
623
624
625
626
627
628
629
630
631
632
633
634
635
636
637
638
639
640
641
642
643
644
645
646
647
648
649
650
651
652
653
654
655
656
657
658
659
660
661
662
663
664
665
666
667
668
669
670
671
672
673
674
675
676
677
678
679
680
681
682
683
684
685
686
687
688
689
690
691
692
693
694
695
696
697
698
699
700
701
702
703
704
705
706
707
708
709
710
711
712
713
714
715
716
717
718
719
720
721
722
723
724
725
726
727
728
729
730
731
732
733
734
735
736
737
738
739
740
741
742
743
744
745
746
747
748
749
750
751
752
753
754
755
756
757
758
759
760
761
762
763
764
765
766
767
768
769
770
771
772
773
774
775
776
777
778
779
780
781
782
783
784
785
786
787
788
789
790
791
792
793
794
795
796
797
798
799
800
801
802
803
804
805
806
807
808
809
810
811
812
813
814
815
816
817
818
819
820
821
822
823
824
825
826
827
828
829
830
831
832
833
834
835
836
837
838
839
840
841
842
843
844
845
846
847
848
849
850
851
852
853
854
855
856
857
858
859
860
861
862
863
864
865
866
867
868
869
870
871
872
873
874
875
876
877
878
879
880
881
882
883
884
885
886
887
888
889
890
891
892
893
894
895
896
897
898
899
900
901
902
903
904
905
906
907
908
909
910
911
912
913
914
915
916
917
918
919
920
921
922
923
924
925
926
927
928
929
930
931
932
933
934
935
936
937
938
939
940
941
942
943
944
945
946
947
948
949
950
951
952
953
954
955
956
957
958
959
960
961
962
963
964
965
966
967
968
969
970
971
972
973
974
975
976
977
978
979
980
981
982
983
984
985
986
987
988
989
990
991
992
993
994
995
996
997
998
999
1000
1001
1002
1003
1004
1005
1006
1007
1008
1009
1010
1011
1012
1013
1014
1015
1016
1017
1018
1019
1020
1021
1022
1023
1024
1025
1026
1027
1028
1029
1030
1031
1032
1033
1034
1035
1036
1037
1038
1039
1040
1041
1042
1043
1044
1045
1046
1047
1048
1049
1050
1051
1052
1053
1054
1055
1056
1057
1058
1059
1060
1061
1062
1063
1064
1065
1066
1067
1068
1069
1070
1071
1072
1073
1074
1075
1076
1077
1078
1079
1080
1081
1082
1083
1084
1085
1086
1087
1088
1089
1090
1091
1092
1093
1094
1095
1096
1097
1098
1099
1100
1101
1102
1103
1104
1105
1106
1107
1108
1109
1110
1111
1112
1113
1114
1115
1116
1117
1118
1119
1120
1121
1122
1123
1124
1125
15743
14116
3537
7336
24189
6436
18224
18357
30739
7012
30116
13820
29856
13021
24087
27975
1295
17885
8813
18814
4348
27552
21189
22741
29209
18977
9212
18500
32465
1583
28531
29752
10283
31171
24595
29064
12016
9361
28814
8874
13328
2781
7911
11559
10306
30352
31028
25420
24299
20107
26531
30242
18497
30779
22459
929
5808
30574
11492
21793
21373
16485
6698
25105
9897
28714
18750
27371
22040
24356
29373
16487
16370
16872
19381
2800
21578
19538
27750
9812
20989
2773
5189
26047
19165
26127
28487
21482
13071
1184
16475
17296
32690
32573
5432
17442
6337
6912
26458
20155
8763
32258
20039
16214
24705
4652
10007
28223
15359
2634
21811
32199
10254
15713
93
12348
28953
19523
29681
23064
13823
17760
874
17529
4281
15071
6183
5073
12861
32494
19568
1759
30114
31318
14260
8670
11908
20818
20500
6652
13994
19105
1318
5389
32486
11482
30706
4481
10045
1536
29761
2707
25160
4438
3864
11460
10202
12148
3711
11912
31460
9371
32390
8511
18069
4422
6026
20070
5829
22785
22965
29967
12179
27518
452
31630
18509
9190
15117
26998
28049
12909
12992
15812
20146
17449
28781
30041
31325
23844
6086
21934
20093
6320
30631
20419
8027
17402
2643
3928
23050
1762
19201
2656
9730
3850
1175
9395
18955
28973
32181
15363
22621
13491
9717
12305
26117
15746
10353
15136
20874
2070
1926
11946
23761
27604
9688
26707
7742
22427
24726
4891
3356
15517
7936
2263
11583
7021
31526
26594
7655
26456
26610
12560
4072
13305
30824
483
26376
24840
11309
16130
2729
14451
25926
17126
10664
12976
27427
25815
30084
21841
7900
27671
6339
24537
17594
17245
27793
15054
1785
132
12715
23823
5580
5253
20603
7016
2210
14243
25732
5732
25768
26085
5889
14946
27791
32713
3273
1515
7567
25399
27510
2627
32172
4276
14790
23102
7992
12504
8002
23381
32153
3586
18205
11513
5964
22090
27230
6696
26922
14775
17730
18749
12010
14515
31707
7692
3304
14011
12798
558
1828
9563
23132
1946
27022
23386
239
6517
1409
27698
5272
12076
26765
5058
29702
13759
28793
2631
16857
9056
24712
21641
17415
26940
23548
25682
21119
14233
27097
7460
6413
18465
26091
4395
12414
8829
778
2673
21252
3878
17053
13393
12252
11384
1373
31022
8749
23049
6492
26725
20276
28216
26949
14463
28574
27145
12517
14764
18485
7984
23274
19565
5567
31851
27627
12432
28707
29717
7849
16481
26830
12537
5525
27679
26709
3428
17810
2477
3932
126
32251
19594
7862
30169
12776
31235
10958
17227
26285
11687
7749
12537
27556
16892
20444
18357
16173
12656
12181
22922
17650
914
20245
30868
12656
6786
18765
20501
20147
29862
19801
5062
32352
13983
20648
31083
7417
4476
11358
28842
10845
22829
10742
3357
23438
24378
17196
22182
31159
26037
6426
29699
12910
15981
26273
25506
15670
27236
29194
14006
31304
19843
16877
650
28307
19085
6482
31765
16641
23378
32535
29136
7420
31013
21650
6084
7729
27023
16246
23015
10643
17221
27387
10408
22435
16216
25657
29641
21487
10924
5589
18285
21977
2987
9952
16242
5786
20538
16636
17664
26759
6124
449
19042
21394
28278
7007
30997
23315
2660
26756
1567
20681
25610
30592
8354
22811
14524
20647
11953
1188
20034
31734
19554
8943
2694
2554
16677
12927
13200
9198
24404
4627
27572
26404
523
22312
15882
4006
7481
28094
20255
13852
5111
25951
1514
9456
18713
3934
16642
2225
7683
21085
27662
32693
21439
22289
2428
19715
588
29258
1142
12911
6712
28717
24337
13831
9329
9412
4296
22190
13400
26042
10538
29703
16407
20831
2767
28053
21300
1778
21136
15648
20327
13344
16119
4186
12201
7112
11253
9666
398
31233
30419
28873
2260
26974
24171
18739
16700
11633
13208
10689
12952
1677
28139
16909
19238
29392
30880
24501
13340
97
19408
29371
21636
5367
9704
12588
30282
20123
31065
7680
16788
25006
25233
30530
593
6189
14891
20337
27669
22068
5986
22053
20516
18369
22220
5109
31181
7099
31045
7577
9465
28723
28456
588
17155
21481
9158
31092
458
274
23824
4997
18693
13656
17303
29219
8663
19235
9911
19335
15524
30743
20750
15651
2338
21726
307
12681
5299
4647
23205
23945
8946
32494
25346
6297
13451
17406
24442
5243
28753
30901
9858
14361
8842
29960
14797
8628
18061
1222
15480
5181
20112
24609
6533
21507
7611
3434
28298
13967
26753
4124
3754
27084
28463
2332
12741
13932
18117
11327
9196
16774
9222
12045
2328
4484
23755
5317
2331
23100
5020
31649
30678
21597
16769
20314
19885
9229
4630
1263
1080
4816
17886
17315
11067
8364
3801
8004
18905
12427
7001
18355
24580
21472
17169
20897
7224
31117
2671
31895
6505
1029
28716
6713
14650
2733
14625
31435
28271
19081
11868
756
2981
2580
371
20162
27200
29807
19224
1519
32166
12222
22510
17763
9899
13008
14235
16889
23371
7678
16927
2182
30367
6997
1892
32536
17674
2551
23829
2939
8372
30910
32436
770
12857
13347
29671
18307
10658
27486
12563
13732
916
12495
9772
18517
11975
22941
12236
5534
9658
157
7810
2203
20645
12405
18540
31941
17328
30977
22792
7794
11618
29685
21319
13472
2396
31940
31203
14318
27463
8129
4595
23275
30219
1156
13245
26515
21313
22416
7627
5655
16108
30515
15937
16605
31587
26541
26221
6600
16786
21140
23712
17593
354
5494
16444
31574
1654
9153
29711
7690
21784
16352
735
22092
21363
20391
12870
11813
4866
20465
14273
16620
20040
11143
17411
26965
28354
31044
22671
4266
12058
25975
7045
855
11677
19081
7612
28332
751
15584
18194
27615
12541
3586
23808
15440
32308
2814
22386
6929
4337
31240
30677
18342
24376
7011
22129
11785
18088
12676
23033
20466
24750
21620
19808
21332
26362
5238
2031
23083
15407
12266
23445
1909
27871
24689
15742
21886
15542
850
23782
8545
5109
8476
7216
4044
24866
6285
8242
12035
17150
28851
27092
31272
3768
5713
11737
8633
1632
2180
24316
15706
21406
14502
7743
19157
6820
8563
1408
7775
14689
22890
77
10269
1784
9334
9977
13030
10096
18638
20463
75
18349
11034
19271
26068
21919
30167
31895
20365
2233
20476
18188
19393
20133
26334
32697
1030
28726
20305
23086
18297
670
528
845
2635
30945
30559
24153
32381
27017
9710
6224
10727
23708
26881
1403
7551
13771
4558
32067
12760
3820
10278
10310
27881
5802
7768
29866
29968
18299
31827
9393
13655
2771
17930
11150
5877
7320
8477
19576
29720
17109
32181
12284
10209
11698
18095
25495
24496
5028
23806
30596
4515
24033
25162
11987
15449
30999
5853
30139
21500
7773
20160
4657
126
10346
16929
17081
4386
18692
15608
16253
18751
12988
29163
20892
27201
2777
29806
29892
7920
14226
7726
14083
11253
24192
25520
19162
2457
10066
23605
32660
19153
5827
226
5077
30072
5577
26397
5750
12251
30991
31290
18832
26490
7334
30807
15319
21773
26616
13956
3114
454
19965
28712
2920
12758
7601
9632
12420
22578
14021
20008
4828
30615
30356
24831
