1615
7647
17223
14326
28583
31244
11872
7945
19349
5132
13124
758
1596
30213
1993
1358
12734
17701
27070
9396
27134
9804
16591
26420
9643
23301
6056
32470
6266
10939
12382
7282
2738
27690
14346
25797
18926
17171
23991
15301
5918
26164
20606
23090
13776
375
26863
24942
174
2154
435
24974
10055
3311
17264
1457
30994
28213
26605
23184
25007
29670
14455
25431
31345
10658
19331
28852
21786
3757
17812
28205
25573
28132
8543
6582
8906
29174
17197
22915
26109
18896
23426
9243
29112
29017
23804
11950
16186
29280
2429
21928
4880
12754
23181
29574
18579
7473
18681
6632
30386
19521
14272
24808
20977
27397
1584
16555
28594
32745
3405
10549
20147
25153
3186
19586
18649
29938
18747
20178
21036
31087
26273
20804
10530
3816
14183
2726
23584
12734
4022
25228
18494
20281
23044
17055
30027
16765
29498
4664
29457
18362
4629
4142
7129
20132
15820
32492
24626
7459
6132
22214
32751
14667
32161
29325
21615
6542
17359
27232
4129
30256
4864
4294
5958
20220
9766
17914
22009
31030
28866
5510
14189
18896
28750
21011
8823
12256
11481
9088
8012
21330
11505
15153
2699
3034
24773
8874
31102
17453
18571
22620
13213
7537
23072
11966
25939
26354
27118
8608
28677
15894
6931
5565
31569
27283
6848
13967
11155
19167
10974
26215
8622
25833
16376
29884
10249
28422
13909
3779
12503
25902
25188
7745
2460
32360
94
2718
26604
5763
18214
4154
13174
24583
8820
8708
12610
29291
22578
2376
29751
2184
7462
14280
14048
846
23762
15
624
1206
14488
10242
18179
14071
546
2488
18726
5117
13569
13963
2202
16663
13204
20591
1109
21232
19244
3459
32714
3520
17261
6630
11626
30147
31992
19404
25195
17387
25415
24017
14280
4818
13783
9101
15497
22514
27789
27752
7492
32024
15187
2223
25828
11798
30978
9448
15017
11960
28036
28515
16752
19706
19258
15378
31797
17272
22427
6810
23510
8230
1822
4778
23065
833
4186
31372
17905
19078
14956
7162
9469
31905
27290
6962
20050
2280
13622
21581
8826
12105
30148
8908
1212
9345
12895
18292
31134
18063
20056
24668
3753
30057
20513
10052
28524
25581
15977
27176
19396
29978
22665
29205
29530
31104
11807
19516
19052
24821
23032
10565
31697
13450
25652
18149
3127
27838
4004
6067
12976
30705
5751
7479
6765
1307
6678
10308
29128
26301
19020
29576
27272
8728
1962
19554
3937
32414
1322
15859
4795
10662
11538
29304
31413
16995
19739
16087
20072
25111
19923
3191
10352
29828
31040
5461
21161
29859
5318
9813
20278
24985
21066
23510
29384
32743
23704
3208
29724
15073
770
22146
5318
14945
18506
655
18222
188
22723
12745
30168
9461
11186
2410
20456
32049
21498
20702
16101
19819
17401
13853
27069
20073
2221
11319
26889
8431
16411
6192
4243
306
20209
16399
29205
20111
6506
12338
32068
15229
17266
2788
24845
14785
15371
30258
4639
30433
6127
7162
6825
31962
32630
28740
5989
19221
13243
12757
1493
31640
28410
22786
18381
18554
9277
26819
49
1433
25144
22024
11520
25231
23921
31056
8849
2273
26020
15991
19485
27258
19045
1743
21886
21592
29447
29043
8758
6534
11709
32216
13747
27210
31231
15525
28882
11167
21039
709
18593
25317
14461
21178
23145
2520
2824
28724
236
24255
25413
20962
20203
1253
1189
25992
4843
2381
7794
23122
18489
8098
25850
25960
6444
11117
17904
13506
22186
27019
15375
1086
2285
19933
1536
2287
32135
26945
17534
9912
30372
27585
17336
9242
24464
5899
29687
20555
10873
13601
21888
20360
15221
26450
23484
427
1223
24937
2966
14080
14430
25892
22821
10069
12958
4584
2187
24400
611
23730
5661
6150
12867
17489
27076
11464
14100
5587
22946
9024
10158
21821
16377
31166
8690
7807
10313
12236
268
4774
22457
15624
18676
9556
13496
27187
27451
24173
20964
16517
18692
25620
8235
835
5713
24790
3120
26516
640
6692
2800
32401
18965
19207
22949
1435
5561
5903
29931
4337
19075
10637
2849
17537
12151
21761
28178
3839
3148
18134
18388
6965
9587
9037
5873
27546
14676
7608
13765
21541
25307
24808
28967
18019
1331
23528
29260
9160
9425
18156
32743
2627
20917
29828
23189
20244
1772
17173
14457
7138
9050
17034
9251
25096
24502
25159
17079
6193
26070
15198
17739
30244
27949
19206
2448
8929
146
12617
11701
2284
20802
18428
7048
17641
15145
9716
20191
25193
24157
25207
23350
23300
29164
11505
29849
2984
13271
3304
32709
5168
6750
24114
28042
21816
10878
23910
25971
48
6073
22672
937
28080
4373
22569
11797
11787
24423
21574
17605
2087
14545
18959
12689
23180
28042
17779
6910
4794
20957
13082
15970
11968
2421
3739
13641
32010
6103
16624
10776
3707
23088
17191
16368
3772
20049
22873
12757
30419
19192
31200
27920
19959
3409
13509
10961
27810
16316
12152
19737
30185
24017
2244
727
31497
6561
14593
30546
32066
9791
17036
4294
16872
2944
18036
594
11447
26366
20854
13585
5223
15971
29996
19592
17792
18148
385
19008
10096
17931
29288
5299
14298
28602
26062
25965
20530
25965
11724
25195
27015
15039
21282
26311
21151
9008
7137
16023
3145
11557
27239
23058
16367
11824
2192
15348
1131
17554
13099
10020
25883
4606
31147
20372
24376
5024
17951
4713
18787
15198
8549
31069
22913
11870
1946
3425
15561
19656
24788
15494
30235
26317
29204
22301
30356
17128
23158
26653
9311
22883
28843
27846
17358
26910
5289
12164
30377
18828
18849
18966
17862
7678
11314
4847
26841
20004
6364
31197
16526
26576
5815
6120
14037
19966
23141
30333
31101
22802
30021
20940
17157
19552
1257
23150
9647
17649
30411
14923
3285
1412
13371
24763
26752
17364
19100
23019
14135
23321
25552
13699
25109
2001
8945
16517
7967
4288
14658
5752
19924
310
18277
19911
517
22672
24270
17252
12518
21249
14199
18864
13414
12179
28117
16031
6332
5992
23820
19735
26690
2630
26975
23962
27015
29779
20202
31269
927
20764
18579
10584
15550
32732
9022
1238
1798
11516
4416
3823
20380
29910
21014
2941
1025
9150
600
24587
416
14147
10216
16189
9123
1202
20079
9068
25355
10460
18442
23696
15616
9497
26176
13667
21349
19853
16184
29635
31664
27818
21288
14424
12281
16374
9745
376
5712
12815
8618
21831
4692
30188
21401
22307
5378
26469
23529
19519
7882
21750
8121
21389
10216
5824
5169
21730
25329
5840
13755
27477
3500
11940
32623
20200
17444
32235
30414
362
2555
7821
8116
17051
32257
23019
27784
3986
27653
17256
32438
12636
12524
23592
19295
7910
9472
9240
30799
13852
138
15406
1327
4179
28322
32242
5371
30180
16966
11325
27575
13594
426
8512
29790
24655
15311
7625
25372
14161
23639
7618
18364
16395
29080
22010
9316
21089
6383
16169
23680
7003
1366
21038
4092
23430
21561
22938
14006
25751
9350
31858
4147
6738
9220
26161
15249
31402
1765
12301
3004
28970
7582
28539
27621
31123
31990
3573
26672
21959
27741
19963
11949
23269
3712
8536
7306
6582
30746
13478
11143
26184
10509
21524
21417
728
7089
3431
13619
29173
24172
13119
7890
13283
27523
9628
17432
29502
13103
928
14379
25823
3060
10903
191
24324
32046
9780
21825
27562
6125
30237
24149
23102
20994
19627
2435
5237
5978
10986
17709
14969
1419
32232
14533
19013
1453
8492
19773
22098
14443
27268
6590
3955
26713
8964
2204
9725
30345
4427
18570
17964
30041
30984
24074
13250
25998
13245
26920
18673
18855
18115
29544
23675
875
6799
23037
21272
12229
14131
10299
24600
29905
10791
30287
14665
30263
31050
8238
16923
25528
18212
26827
29186
22022
3182
23949
31260
28121
2772
3584
28180
26943
23801
27595
29766
9011
18364
26338
16676
12658
12474
6652
25048
5258
24083
6984
6699
11828
25458
17755
22949
29155
24647
3181
3061
925
29527
13254
18580
14602
1911
30579
9638
12491
23956
32317
12833
29708
30711
10204
23344
22109
19143
2919
16602
1981
21968
14863
15839
3320
2946
6669
9954
4660
10557
28121
1229
19398
25804
23453
20082
22858
4911
2281
25966
24306
11421
7848
23123
18718
20937
18771
15366
28205
13925
2404
30309
659
5348
26638
1069
4908
3973
25643
30747
31185
8845
11126
8530
40
3027
29690
20221
9408
19330
2506
30517
13917
8731
25843
17701
14736
12217
23471
21100
19595
6297
17627
4034
32052
21209
7851
8415
17784
384
3485
12185
8674
191
18347
31308
30316
1911
16325
8574
13717
506
9598
30915
32179
2582
3334
24287
8331
8272
21336
24875
18719
2669
4788
11834
13255
31543
15184
7099
11395
26493
9291
17313
18320
11356
10466
31874
2105
27325
9702
12605
27120
15391
27501
23520
32669
9367
30409
10185
7478
26132
2230
32523
16272
6376
27607
1811
9845
11652
32612
20619
21750
15235
23069
15998
27650
16875
6530
26813
4920
15535
12613
32130
25594
13176
20224
26196
2755
9636
9764
13354
4794
30607
14385
5843
3975
17682
27949
25493
6501
15690
4175
28437
20344
27547
1275
15990
21602
4596
18419
21445
30993
30804
4299
6549
2522
21901
10141
12774
29132
13640
17151
11340
10302
32585
562
26445
7339
1012
22428
8458
5312
12816
30584
31522
12466
22988
7885
30163
2517
8447
18076
9826
8043
3252
5982
11453
1465
17382
12462
11360
2913
28552
6466
19573
18667
23497
27423
831
20133
16021
4109
12472
25773
18271
8777
19577
4428
23582
17787
10971
22917
10133
3047
7516
28654
23768
15335
29252
17855
21516
2457
6024
12841
25710
6357
25838
9193
8087
23394
20850
4380
20990
8041
6120
6485
27838
25129
3812
3565
15513
15085
14295
21658
4669
29243
18810
22595
16327
6479
14704
31763
3974
13768
2343
17613
6145
21920
23039
11359
4411
8033
3246
21433
3893
12950
28643
1759
17845
27776
16937
18237
14662
25867
2830
20540
384
14336
3973
18962
137
28284
25994
7902
13276
7329
27396
9716
585
1931
9199
6517
11069
26502
17338
2596
15172
6782
26094
17780
10700
23223
14865
25062
1068
19902
9930
26001
18917
32671
10310
15106
24103
7768
28121
26695
12951
2446
31465
15431
3919
2687
20232
26197
7206
18488
22880
11268
3890
19463
15188
12604
9356
10804
7780
1677
17235
8940
8529
29124
29684
20350
8322
9404
2984
12234
23975
22135
12606
11253
19100
29293
7962
24162
31632
21028
18046
14814
1126
13569
14344
24603
17755
27230
30076
15456
27370
25053
4292
13950
9453
5627
15413
4614
22788
1256
12308
19897
21562
11158
2393
5952
16358
14095
1458
10014
24016
24589
16587
6370
20373
9412
22221
5025
27981
21763
4133
22179
28522
9339
31366
32349
28643
14174
4913
5535
1683
23853
26228
18191
1244
28107
18544
17110
5263
31957
2848
11417
15888
22326
21911
9643
6581
32501
137
18305
12400
6482
7181
8806
20398
786
673
5231
21630
32535
7535
3250
12790
13107
15823
3763
14034
26430
12300
2591
22111
14950
27499
23229
30872
17095
873
1185
5518
19260
15941
163
8205
9076
29886
11535
892
13896
7966
13982
14597
23115
13175
3493
14326
4259
14637
15245
17767
9752
13748
11395
26398
27243
22171
16752
32175
29161
31946
15916
18919
5439
3336
26607
24939
9104
10688
26632
22173
31429
14852
18129
6079
31269
25042
4834
18779
805
20374
2181
8162
31873
753
19818
31891
2955
28857
5276
20894
30659
10305
16052
4490
27817
24026
19021
11732
3535
32409
10423
26841
4402
12635
19184
32501
21450
26887
31439
27373
7264
27667
21635
18826
160
30026
29756
8327
8303
20940
11304
3246
11135
8278
22177
6973
25888
5571
6309
21134
6745
27347
10374
11767
15927
22316
27874
4336
8293
15774
2006
30067
29181
28075
8815
22953
3230
7751
3169
12482
12223
1500
1020
23332
10306
13201
14939
27081
5708
3532
26591
12514
17749
6645
1244
28097
19067
29054
31377
1013
23836
2080
24670
5559
7587
10087
6449
31621
16034
17264
25922
24332
17442
3314
15360
32075
19767
25723
586
21494
7127
4860
28899
15896
20203
27528
16160
17405
679
14937
26084
8783
19223
9492
3790
19583
15611
24653
945
28262
30933
24142
12869
12589
27712
23316
6172
18282
15747
27035
10967
1163
5478
26204
4249
888
15173
29459
15548
8308
14178
24517
17603
19012
28543
9474
400
28308
29101
21352
20696
1430
24927
7272
2771
236
15042
22605
56
8648
24657
11641
5224
31314
9892
15602
18409
7754
21128
30750
18199
18158
15701
971
20758
28190
4988
19570
2827
9406
24928
12221
5004
10332
25191
24390
27221
31762
18000
24738
60
2222
24775
20126
871
2065
30518
16328
15292
16341
8415
30258
2969
20275
27944
15474
26821
5155
17461
5101
24999
27588
13756
6230
694
20991
10773
15473
12337
9319
10641
17437
18448
3172
11789
8081
8250
21649
12999
3046
13560
11618
30320
7382
7082
9482
9090
5059
3513
22172
21203
10234
8140
5232
7275
9274
31039
4552
10898
32112
8145
20403
814
18117
11164
20786
31564
9946
30539
23194
2301
12882
8327
16441
26467
20370
27826
2108
16651
1988
26072
25552
21629
26914
17378
17288
18194
24177
30221
2815
6662
8139
24731
10174
30158
8354
8905
3936
16300
7938
30976
26868
11648
14358
3919
26018
19425
9710
22553
3218
10860
2687
15115
32265
8796
27628
12369
29141
27484
17924
7178
29932
29337
21771
32249
10832
10266
32189
18813
4917
13908
30352
31171
8806
22521
5690
13882
7909
16402
27507
6983
6609
18509
508
31547
31629
22936
30944
11138
27679
17134
19962
12828
6870
29297
695
26450
10544
17594
32285
24481
15610
24173
20492
12795
32185
17424
14788
28207
329
9245
8104
22437
27588
1877
18498
14414
18086
23384
3206
24539
21294
2931
23899
9005
23559
7097
16983
28685
18983
31317
13770
18718
248
31518
511
15887
17845
12652
958
13333
13847
7210
30229
4761
4658
22573
11097
10286
23961
19652
22375
23493
7113
1681
20271
32292
11205
13463
24948
20372
1789
31635
11469
3546
26484
5008
5872
7785
6434
25526
18735
10454
31384
4195
22083
13708
28898
12157
27977
9409
21169
5894
15882
4521
3770
31216
29311
30185
4441
18227
24981
8526
11642
32542
24365
22975
3257
29418
19815
14192
27336
8853
21280
4441
8209
11502
23481
3559
16285
1516
17434
11249
19509
26435
22775
22509
18631
12089
2642
24932
10251
8630
30786
25763
24421
16283
15602
31924
8462
10325
6124
20876
367
14770
24216
22150
3021
25075
22015
19728
2603
22562
22997
24484
1132
11942
29879
26875
15033
29716
19889
15229
7970
22088
3843
31995
4744
31669
10789
27296
26810
1785
7432
6437
30686
30900
7327
1349
14099
25499
18590
2161
12372
9928
19586
1476
18847
8788
4561
25401
10583
6696
26531
8988
14824
15120
17249
12734
4265
30226
32461
15213
15366
9725
14146
7843
15582
13124
12861
20094
12074
10765
27421
14704
26080
30342
11815
2104
32279
15224
25805
18705
11627
30494
30512
23337
20387
27191
26339
11860
30609
30042
1778
11010
1850
24714
29987
22127
4919
16650
14459
1817
5467
29042
10500
15735
12950
20483
1230
29928
6169
14136
22068
234
13243
25757
3936
19084
19356
16868
32530
550
14600
17462
668
6471
19102
21959
6450
6383
4529
32173
15456
10238
7918
14834
8668
21997
29247
16360
19070
32188
8688
5820
653
21803
32017
16462
14140
31789
11547
25664
17780
8346
6870
12622
9684
2596
6777
26845
6647
8844
8979
18646
16117
19990
5419
18356
10540
10298
21667
22236
27968
30876
14819
7981
14944
29758
7731
27609
27083
7924
1895
14195
10131
24857
14018
3913
6305
9601
7957
16627
8698
5038
1575
1580
13633
14919
21849
8929
18044
15813
23946
10632
20251
24432
4665
22963
566
28810
32745
19685
5654
1482
458
26020
