1
2
3
4
5
6
7
8
9
10
11
12
13
14
15
16
17
18
19
20
21
22
23
24
25
26
27
28
29
30
31
32
33
34
35
36
37
38
39
40
41
42
43
44
45
46
47
48
49
50
51
52
53
54
55
56
57
58
59
60
61
62
63
64
65
66
67
68
69
70
71
72
73
74
75
76
77
78
79
80
81
82
83
84
85
86
87
88
89
90
91
92
93
94
95
96
97
98
99
100
101
102
103
104
105
106
107
108
109
110
111
112
113
114
115
116
117
118
119
120
121
122
123
124
125
126
127
128
129
130
131
132
133
134
135
136
137
138
139
140
141
142
143
144
145
146
147
148
149
150
151
152
153
154
155
156
157
158
159
160
161
162
163
164
165
166
167
168
169
170
171
172
173
174
175
176
177
178
179
180
181
182
183
184
185
186
187
188
189
190
191
192
193
194
195
196
197
198
199
200
201
202
203
204
205
206
207
208
209
210
211
212
213
214
215
216
217
218
219
220
221
222
223
224
225
226
227
228
229
230
231
232
233
234
235
236
237
238
239
240
241
242
243
244
245
246
247
248
249
250
251
252
253
254
255
256
257
258
259
260
261
262
263
264
265
266
267
268
269
270
271
272
273
274
275
276
277
278
279
280
281
282
283
284
285
286
287
288
289
290
291
292
293
294
295
296
297
298
299
300
301
302
303
304
305
306
307
308
309
310
311
312
313
314
315
316
317
318
319
320
321
322
323
324
325
326
327
328
329
330
331
332
333
334
335
336
337
338
339
340
341
342
343
344
345
346
347
348
349
350
351
352
353
354
355
356
357
358
359
360
361
362
363
364
365
366
367
368
369
370
371
372
373
374
375
376
377
378
379
380
381
382
383
384
385
386
387
388
389
390
391
392
393
394
395
396
397
398
399
400
401
402
403
404
405
406
407
408
409
410
411
412
413
414
415
416
417
418
419
420
421
422
423
424
425
426
427
428
429
430
431
432
433
434
435
436
437
438
439
440
441
442
443
444
445
446
447
448
449
450
451
452
453
454
455
456
457
458
459
460
461
462
463
464
465
466
467
468
469
470
471
472
473
474
475
476
477
478
479
480
481
482
483
484
485
486
487
488
489
490
491
492
493
494
495
496
497
498
499
500
501
502
503
504
505
506
507
508
509
510
511
512
513
514
515
516
517
518
519
520
521
522
523
524
525
526
527
528
529
530
531
532
533
534
535
536
537
538
539
540
541
542
543
544
545
546
547
548
549
550
551
552
553
554
555
556
557
558
559
560
561
562
563
564
565
566
567
568
569
570
571
572
573
574
575
576
577
578
579
580
581
582
583
584
585
586
587
588
589
590
591
592
593
594
595
596
597
598
599
600
601
602
603
604
605
606
607
608
609
610
611
612
613
614
615
616
617
618
619
620
621
622
623
624
625
626
627
628
629
630
631
632
633
634
635
636
637
638
639
640
641
642
643
644
645
646
647
648
649
650
651
652
653
654
655
656
657
658
659
660
661
662
663
664
665
666
667
668
669
670
671
672
673
674
675
676
677
678
679
680
681
682
683
684
685
686
687
688
689
690
691
692
693
694
695
696
697
698
699
700
701
702
703
704
705
706
707
708
709
710
711
712
713
714
715
716
717
718
719
720
721
722
723
724
725
726
727
728
729
730
731
732
733
734
735
736
737
738
739
740
741
742
743
744
745
746
747
748
749
750
751
752
753
754
755
756
757
758
759
760
761
762
763
764
765
766
767
768
769
770
771
772
773
774
775
776
777
778
779
780
781
782
783
784
785
786
787
788
789
790
791
792
793
794
795
796
797
798
799
800
801
802
803
804
805
806
807
808
809
810
811
812
813
814
815
816
817
818
819
820
821
822
823
824
825
826
827
828
829
830
831
832
833
834
835
836
837
838
839
840
841
842
843
844
845
846
847
848
849
850
851
852
853
854
855
856
857
858
859
860
861
862
863
864
865
866
867
868
869
870
871
872
873
874
875
876
877
878
879
880
881
882
883
884
885
886
887
888
889
890
891
892
893
894
895
896
897
898
899
900
901
902
903
904
905
906
907
908
909
910
911
912
913
914
915
916
917
918
919
920
921
922
923
924
925
926
927
928
929
930
931
932
933
934
935
936
937
938
939
940
941
942
943
944
945
946
947
948
949
950
951
952
953
954
955
956
957
958
959
960
961
962
963
964
965
966
967
968
969
970
971
972
973
974
975
976
977
978
979
980
981
982
983
984
985
986
987
988
989
990
991
992
993
994
995
996
997
998
999
1000
1001
1002
1003
1004
1005
1006
1007
1008
1009
1010
1011
1012
1013
1014
1015
1016
1017
1018
1019
1020
1021
1022
1023
1024
1025
1026
1027
1028
1029
1030
1031
1032
1033
1034
1035
1036
1037
1038
1039
1040
1041
1042
1043
1044
1045
1046
1047
1048
1049
1050
1051
1052
1053
1054
1055
1056
1057
1058
1059
1060
1061
1062
1063
1064
1065
1066
1067
1068
1069
1070
1071
1072
1073
1074
1075
1076
1077
1078
1079
1080
1081
1082
1083
1084
1085
1086
1087
1088
1089
1090
1091
1092
1093
1094
1095
1096
1097
1098
1099
1100
1101
1102
1103
1104
1105
1106
1107
1108
1109
1110
1111
1112
1113
1114
1115
1116
1117
1118
1119
1120
1121
1122
1123
1124
1125
1126
1127
1128
1129
1130
1131
1132
1133
1134
1135
1136
1137
1138
1139
1140
1141
1142
1143
1144
1145
1146
1147
1148
1149
1150
1151
1152
1153
1154
1155
1156
1157
1158
1159
1160
1161
1162
1163
1164
1165
1166
1167
1168
1169
1170
1171
1172
1173
1174
1175
1176
1177
1178
1179
1180
1181
1182
1183
1184
1185
1186
1187
1188
1189
1190
1191
1192
1193
1194
1195
1196
1197
1198
1199
1200
1201
1202
1203
1204
1205
1206
1207
1208
1209
1210
1211
1212
1213
1214
1215
1216
1217
1218
1219
1220
1221
1222
1223
1224
1225
1226
1227
1228
1229
1230
1231
1232
1233
1234
1235
1236
1237
1238
1239
1240
1241
1242
1243
1244
1245
1246
1247
1248
1249
1250
15574
12255
24872
1228
12119
31622
20217
6736
24104
31800
5039
11529
25515
4580
16974
11130
15784
10046
11920
7947
566
8976
26850
18430
23519
976
15280
13732
4351
22904
3554
11985
6765
4498
20135
32397
3421
18834
20081
30988
23685
7017
10561
19681
13439
6231
9764
29806
30575
26113
12285
23455
7141
12739
19334
3544
29445
28231
11922
43
6629
3927
23701
19407
6710
14319
27749
27853
32295
3735
23362
22781
23430
11247
4373
817
6696
22412
31221
7856
31116
1794
22767
14054
6587
21314
14343
28505
2930
22567
6522
32735
11139
12875
20038
16655
19833
3871
5612
23797
31099
827
27509
30730
16755
6898
9139
26210
29039
22826
16585
16680
8007
6250
7918
28744
23936
565
24173
31851
5488
4247
12016
15656
19619
19965
24575
14200
22910
18250
23236
16491
19234
25638
26897
14362
2195
6553
28068
28893
27418
10970
29097
5822
22503
27745
11136
11053
7419
15683
25281
26869
5445
10943
21885
9326
22539
29204
711
31732
30604
21654
32371
27801
4836
29185
12830
7959
16175
7437
12143
265
3057
24131
30619
32346
9910
6414
23599
28413
25077
1813
23818
3294
9018
32200
10152
1561
31876
12857
7079
32619
29932
28462
30851
6885
17544
29044
6309
22248
1935
24182
23964
22861
11454
2318
12714
31460
8954
30874
17026
10016
2614
26195
22864
25616
27543
9434
29690
5777
15574
9748
933
22211
13031
4920
29820
26809
10200
11046
25260
11637
6139
23291
8371
8211
31303
17634
29403
13124
30716
10541
9217
8958
18310
26020
22427
3698
11940
32540
15610
28223
28617
26956
1996
15077
9923
221
20964
22396
22682
27584
19006
5286
15035
21444
21821
24514
30037
12136
568
29282
25860
3309
31285
5631
8109
5040
19444
20460
16553
12215
14640
2441
16421
7050
26913
2233
22984
15428
9285
19606
18071
1001
32096
8803
19990
19962
3010
1729
29360
27207
6856
10022
15705
18949
29349
6028
27762
800
7778
4198
2541
7635
21284
18648
11441
24693
23726
16679
26944
3478
13094
4463
13719
18506
7708
4244
17494
4805
2248
26490
6944
6952
27539
25721
26693
19099
28378
8971
23454
19100
10990
23496
1721
29846
10591
28821
2102
24502
2938
2328
1649
250
31248
21359
15714
4491
17017
15649
9153
12108
17625
14420
27501
27571
6050
24897
24846
15576
1114
6118
28409
1227
16799
25082
18261
9003
3688
10534
31100
17652
4749
10610
30372
26265
10378
9214
18879
15443
29824
10738
1696
29880
27772
5047
13406
2447
13820
30824
14077
4835
31919
14723
31819
20566
9853
30437
28681
23736
2247
32501
31563
16344
752
3871
4898
21146
8732
30852
6775
10570
12855
31983
6970
30768
24634
30731
6845
9829
20905
10452
3418
741
21856
12108
11612
20452
4496
4719
14621
6246
21253
25192
23659
1034
25002
19205
18736
7462
32334
10857
17234
15641
28072
1
9177
4829
13465
18361
5968
30684
27058
5487
7021
1797
16374
1191
32756
10782
12001
20609
28376
4444
23465
10217
16291
18737
10179
4622
6681
25189
2217
30485
11288
24680
3291
8462
30403
25063
12835
18727
30432
14237
28958
1311
11389
23916
8696
10494
17882
2476
7799
28932
29059
18115
17723
2015
7101
19189
16964
15649
6947
638
16564
32752
4241
32734
27094
29183
32321
18037
21856
9918
23092
9039
20213
25294
8148
2113
5358
28600
9431
7477
29786
22494
13670
31682
26179
7858
15231
18688
4660
18725
30104
8602
23031
19043
133
3108
21155
10429
14491
26031
20183
28390
13846
31899
24128
15715
26808
19885
26209
4157
5811
5985
14483
3321
17097
14210
18762
27849
15794
1783
27803
22276
26302
10208
15355
16340
24507
31202
2378
7983
14361
10430
784
5128
21324
2345
28166
18374
3698
14296
6104
9717
26934
11994
26409
15419
13812
17706
11479
22158
5406
19589
6785
11173
16350
16761
583
11692
26108
16831
17361
21308
8963
15562
2707
27786
20127
4768
16719
22751
11338
5353
24283
12360
15911
7749
28708
13710
16174
13283
883
9320
2186
25936
22767
12272
26175
24204
31844
17748
7952
24675
11330
26318
13216
4858
12777
13014
6359
26281
3875
27542
29063
30472
9458
4766
2896
9293
14221
27865
8897
22229
29605
703
12991
8448
22764
28877
21291
13122
11736
7218
27327
22135
24740
8140
14393
24695
31129
1362
30396
22251
651
7891
8563
13407
1958
5215
6775
920
5483
31236
14579
17703
22517
508
646
21310
16257
7972
5096
14275
20013
11184
31953
10403
29440
26653
4886
7785
5675
26216
277
14607
14990
13694
4948
26387
22654
24819
2405
718
21958
6390
28173
23042
16107
5765
15013
21426
9653
4061
18879
10294
18666
20789
23821
24462
26973
19883
14975
2551
28711
15487
9388
26300
18997
5759
12915
27983
7427
1986
18914
27800
14502
10649
16982
13453
27408
6339
29156
32259
6288
15328
10744
1219
15768
20008
26428
2017
15811
605
14524
9289
9238
20990
8775
15771
14471
19646
32280
26937
3771
31797
8630
3998
29204
12244
18968
14321
21227
17694
4877
12761
6426
16405
32219
4500
32702
18419
19238
12867
24123
23579
11284
12936
640
21839
3759
8019
140
1827
2443
16633
6960
5554
10920
16007
10775
21391
11673
2901
8453
15359
23782
21214
7260
23909
8880
22222
5860
18429
3219
29533
11467
21709
18129
15836
4075
22745
21164
29069
4428
6295
31763
7864
25578
4002
21121
20475
31928
24754
10531
6626
13284
460
25145
18616
2909
30902
2494
8348
16019
15278
843
25559
32638
2651
20281
4972
1249
21252
11014
7665
19920
30720
4345
28830
15984
2414
23305
7844
31230
18214
3324
4799
7698
32495
2508
32527
17189
6898
14414
32548
26193
29806
23317
8280
8281
16046
8085
17505
19945
7736
10372
4646
3359
16456
6022
26834
13385
1660
23048
2343
9713
6865
15724
26902
9751
32718
3687
25996
5309
28927
18344
18062
12713
10149
5051
18824
19814
22444
9772
9698
2956
30941
12271
16341
6721
12373
29439
32125
768
28214
14662
29231
30873
5020
12989
21516
18041
13523
32468
28630
17708
19399
25876
3843
30752
28347
259
1040
14508
24382
25928
20760
4688
1371
31247
7333
13375
11025
6831
26822
7194
3075
13962
16482
24063
3439
31029
20171
11714
12900
15834
5526
3450
8240
20954
13483
17728
18200
19126
30872
2099
845
29487
9003
27328
18971
5036
8767
3616
14178
6621
10454
9505
3914
25502
24168
13866
2099
12574
6267
15993
28907
576
21108
6832
1828
25409
22445
22672
4645
27804
21447
22020
5567
31274
15682
20833
12675
23950
20042
20204
50
4048
32724
30621
2933
9800
15082
21794
10190
3774
13379
3879
19663
22223
9751
3541
15754
658
23601
9624
5448
13948
17990
12326
3198
14465
1157
14013
2556
3196
8815
4523
21608
12241
29673
8468
30699
14417
18576
752
13354
23134
26956
27219
1656
6735
5160
31729
9289
11542
27233
21473
31210
19487
1212
6305
368
124
8733
16219
1519
10560
9302
25958
9964
16680
20285
25360
12308
10113
32257
31643
6446
28741
17086
20101
16974
32648
9294
28173
16459
29714
28259
16114
19828
9550
18386
1406
12927
14435
818
17347
15298
4256
23974
19749
3750
7965
8183
13080
29528
21919
21990
28459
26305
16573
4032
28230
2233
3393
25138
24879
14967
31953
6239
30291
332
3535
19504
24772
402
23165
22763
20606
9695
29541
23560
16366
18046
14584
14400
15029
25887
30837
20198
425
20685
20492
25466
12316
17953
7748
23932
18018
24501
154
23678
15757
27356
9578
21117
2171
29840
29971
6257
9747
8876
22103
12579
10443
11612
4608
11839
22381
3281
6601
27562
19228
12089
13947
5397
11922
19182
24919
10707
683
8429
19636
29415
3111
17291
24553
8034
20139
13667
10861
31468
14602
29843
4669
29344
26307
17960
16766
23581
6859
21974
5988
13017
22412
32237
8274
16313
14381
19336
22851
24287
28436
4871
17000
22468
