1
2
3
4
5
6
7
8
9
10
11
12
13
14
15
16
17
18
19
20
21
22
23
24
25
26
27
28
29
30
31
32
33
34
35
36
37
38
39
40
41
42
43
44
45
46
47
48
49
50
51
52
53
54
55
56
57
58
59
60
61
62
63
64
65
66
67
68
69
70
71
72
73
74
75
76
77
78
79
80
81
82
83
84
85
86
87
88
89
90
91
92
93
94
95
96
97
98
99
100
101
102
103
104
105
106
107
108
109
110
111
112
113
114
115
116
117
118
119
120
121
122
123
124
125
13128
22627
13952
206
19751
6853
15519
3809
10459
16414
17517
11306
24105
30454
8421
1028
15891
4881
16967
17153
2801
13625
20169
7377
30403
8254
13193
26981
23494
24378
16839
7507
25413
8473
11345
8573
3762
27993
31038
19950
22261
5647
15327
3076
22020
2859
10995
25556
11956
29436
26394
30922
9935
11255
1421
14736
10086
7092
13067
18225
5992
28473
791
22399
17524
12411
16224
5810
19948
21794
19329
19537
17995
10893
28906
18262
32440
17174
10014
21901
12507
18583
11296
19005
31471
22573
295
22538
25112
19259
8089
16922
20215
4530
31287
10359
14460
400
7829
29620
28924
16295
2766
9172
18820
9632
2933
1639
32620
18751
13775
6134
10287
2281
21055
5281
3962
16739
19201
31751
15234
4316
29467
3174
2971
