766
31109
25594
16552
1001
26103
21835
15372
18944
30765
18812
22074
12656
20777
31967
15439
19639
11271
9835
20598
8223
15224
12128
4865
13957
31602
3626
8632
29535
19238
18568
16752
17918
25395
24813
9696
8720
31769
13095
27569
24936
14576
1086
30932
29442
10842
18847
14104
31553
32182
27513
23804
18812
11414
1640
14529
18105
16499
28753
12740
16824
32416
1165
29707
15412
4221
31561
31262
7525
31725
20524
26904
28105
10
31803
29437
36
10775
1786
13134
11206
14005
13012
14811
31756
4954
18621
14297
31017
5120
18198
820
28198
12570
30673
25639
20520
25036
12757
24841
10994
26203
18852
31850
13994
5859
30011
6494
31456
2632
10042
31257
8908
10606
9540
3260
26327
685
23977
31343
12126
29055
16450
11440
21682
28284
7837
15594
8291
7049
22362
586
29630
24652
20693
12750
14228
10979
1798
17567
31037
10453
12453
6304
22749
3144
16273
32583
11494
12661
16498
11948
32478
14426
23965
18655
17763
26286
2361
28031
32620
26138
4768
2440
5329
12966
11016
22893
8206
19826
7523
20839
1348
1958
15748
24588
31360
31147
21122
16163
25920
31388
97
18103
12595
11255
29935
30314
1089
28057
23533
10508
29643
19945
24175
9836
7988
19027
12678
1902
21408
29688
30747
8286
7419
19619
31774
25988
26686
28671
737
32249
6893
23816
16574
30905
17380
29632
12288
22520
18772
31523
20225
26298
14345
17244
2447
3230
6126
14393
20884
5114
27090
30685
10998
5677
12908
16821
11965
561
13981
20909
18804
29040
19702
31651
14545
16089
26746
6939
