1
2
3
4
5
6
7
8
9
10
11
12
13
14
15
16
17
18
19
20
21
22
23
24
25
26
27
28
29
30
31
32
33
34
35
36
37
38
39
40
41
42
43
44
45
46
47
48
49
50
51
52
53
54
55
56
57
58
59
60
61
62
63
64
65
66
67
68
69
70
71
72
73
74
75
76
77
78
79
80
81
82
83
84
85
86
87
88
89
90
91
92
93
94
95
96
97
98
99
100
101
102
103
104
105
106
107
108
109
110
111
112
113
114
115
116
117
118
119
120
121
122
123
124
125
126
127
128
129
130
131
132
133
134
135
136
137
138
139
140
141
142
143
144
145
146
147
148
149
150
151
152
153
154
155
156
157
158
159
160
161
162
163
164
165
166
167
168
169
170
171
172
173
174
175
176
177
178
179
180
181
182
183
184
185
186
187
188
189
190
191
192
193
194
195
196
197
198
199
200
201
202
203
204
205
206
207
208
209
210
211
212
213
214
215
216
217
218
219
220
221
222
223
224
225
226
227
228
229
230
231
232
233
234
235
236
237
238
239
240
241
242
243
244
245
246
247
248
249
250
251
252
253
254
255
256
257
258
259
260
261
262
263
264
265
266
267
268
269
270
271
272
273
274
275
276
277
278
279
280
281
282
283
284
285
286
287
288
289
290
291
292
293
294
295
296
297
298
299
300
301
302
303
304
305
306
307
308
309
310
311
312
313
314
315
316
317
318
319
320
321
322
323
324
325
326
327
328
329
330
331
332
333
334
335
336
337
338
339
340
341
342
343
344
345
346
347
348
349
350
351
352
353
354
355
356
357
358
359
360
361
362
363
364
365
366
367
368
369
370
371
372
373
374
375
376
377
378
379
380
381
382
383
384
385
386
387
388
389
390
391
392
393
394
395
396
397
398
399
400
401
402
403
404
405
406
407
408
409
410
411
412
413
414
415
416
417
418
419
420
421
422
423
424
425
426
427
428
429
430
431
432
433
434
435
436
437
438
439
440
441
442
443
444
445
446
447
448
449
450
451
452
453
454
455
456
457
458
459
460
461
462
463
464
465
466
467
468
469
470
471
472
473
474
475
476
477
478
479
480
481
482
483
484
485
486
487
488
489
490
491
492
493
494
495
496
497
498
499
500
501
502
503
504
505
506
507
508
509
510
511
512
513
514
515
516
517
518
519
520
521
522
523
524
525
526
527
528
529
530
531
532
533
534
535
536
537
538
539
540
541
542
543
544
545
546
547
548
549
550
551
552
553
554
555
556
557
558
559
560
561
562
563
564
565
566
567
568
569
570
571
572
573
574
575
576
577
578
579
580
581
582
583
584
585
586
587
588
589
590
591
592
593
594
595
596
597
598
599
600
601
602
603
604
605
606
607
608
609
610
611
612
613
614
615
616
617
618
619
620
621
622
623
624
625
626
627
628
629
630
631
632
633
634
635
636
637
638
639
640
641
642
643
644
645
646
647
648
649
650
651
652
653
654
655
656
657
658
659
660
661
662
663
664
665
666
667
668
669
670
671
672
673
674
675
676
677
678
679
680
681
682
683
684
685
686
687
688
689
690
691
692
693
694
695
696
697
698
699
700
701
702
703
704
705
706
707
708
709
710
711
712
713
714
715
716
717
718
719
720
721
722
723
724
725
726
727
728
729
730
731
732
733
734
735
736
737
738
739
740
741
742
743
744
745
746
747
748
749
750
751
752
753
754
755
756
757
758
759
760
761
762
763
764
765
766
767
768
769
770
771
772
773
774
775
776
777
778
779
780
781
782
783
784
785
786
787
788
789
790
791
792
793
794
795
796
797
798
799
800
801
802
803
804
805
806
807
808
809
810
811
812
813
814
815
816
817
818
819
820
821
822
823
824
825
826
827
828
829
830
831
832
833
834
835
836
837
838
839
840
841
842
843
844
845
846
847
848
849
850
851
852
853
854
855
856
857
858
859
860
861
862
863
864
865
866
867
868
869
870
871
872
873
874
875
876
877
878
879
880
881
882
883
884
885
886
887
888
889
890
891
892
893
894
895
896
897
898
899
900
901
902
903
904
905
906
907
908
909
910
911
912
913
914
915
916
917
918
919
920
921
922
923
924
925
926
927
928
929
930
931
932
933
934
935
936
937
938
939
940
941
942
943
944
945
946
947
948
949
950
951
952
953
954
955
956
957
958
959
960
961
962
963
964
965
966
967
968
969
970
971
972
973
974
975
976
977
978
979
980
981
982
983
984
985
986
987
988
989
990
991
992
993
994
995
996
997
998
999
1000
1001
1002
1003
1004
1005
1006
1007
1008
1009
1010
1011
1012
1013
1014
1015
1016
1017
1018
1019
1020
1021
1022
1023
1024
1025
1026
1027
1028
1029
1030
1031
1032
1033
1034
1035
1036
1037
1038
1039
1040
1041
1042
1043
1044
1045
1046
1047
1048
1049
1050
1051
1052
1053
1054
1055
1056
1057
1058
1059
1060
1061
1062
1063
1064
1065
1066
1067
1068
1069
1070
1071
1072
1073
1074
1075
1076
1077
1078
1079
1080
1081
1082
1083
1084
1085
1086
1087
1088
1089
1090
1091
1092
1093
1094
1095
1096
1097
1098
1099
1100
1101
1102
1103
1104
1105
1106
1107
1108
1109
1110
1111
1112
1113
1114
1115
1116
1117
1118
1119
1120
1121
1122
1123
1124
1125
1126
1127
1128
1129
1130
1131
1132
1133
1134
1135
1136
1137
1138
1139
1140
1141
1142
1143
1144
1145
1146
1147
1148
1149
1150
1151
1152
1153
1154
1155
1156
1157
1158
1159
1160
1161
1162
1163
1164
1165
1166
1167
1168
1169
1170
1171
1172
1173
1174
1175
1176
1177
1178
1179
1180
1181
1182
1183
1184
1185
1186
1187
1188
1189
1190
1191
1192
1193
1194
1195
1196
1197
1198
1199
1200
1201
1202
1203
1204
1205
1206
1207
1208
1209
1210
1211
1212
1213
1214
1215
1216
1217
1218
1219
1220
1221
1222
1223
1224
1225
1226
1227
1228
1229
1230
1231
1232
1233
1234
1235
1236
1237
1238
1239
1240
1241
1242
1243
1244
1245
1246
1247
1248
1249
1250
1251
1252
1253
1254
1255
1256
1257
1258
1259
1260
1261
1262
1263
1264
1265
1266
1267
1268
1269
1270
1271
1272
1273
1274
1275
1276
1277
1278
1279
1280
1281
1282
1283
1284
1285
1286
1287
1288
1289
1290
1291
1292
1293
1294
1295
1296
1297
1298
1299
1300
1301
1302
1303
1304
1305
1306
1307
1308
1309
1310
1311
1312
1313
1314
1315
1316
1317
1318
1319
1320
1321
1322
1323
1324
1325
1326
1327
1328
1329
1330
1331
1332
1333
1334
1335
1336
1337
1338
1339
1340
1341
1342
1343
1344
1345
1346
1347
1348
1349
1350
1351
1352
1353
1354
1355
1356
1357
1358
1359
1360
1361
1362
1363
1364
1365
1366
1367
1368
1369
1370
1371
1372
1373
1374
1375
15381
691
19462
23284
26151
29320
422
15605
192
1320
13765
8931
30041
11387
18357
3991
6386
4302
2211
29015
15179
13104
25711
30553
13911
3868
3260
24707
4590
32601
23107
10101
4034
27167
22636
12233
13204
30843
12063
22681
7080
23796
24279
6210
15734
28015
761
1384
23202
5200
3685
28987
16942
23778
13898
30456
12783
7929
32574
9394
27709
3542
8334
8530
21999
11850
12754
29661
12423
30751
22213
20469
17577
9907
23892
2979
4306
31974
501
8787
20550
54
20026
26912
28234
28457
17830
22610
14740
30444
21695
3621
27648
27705
13924
28365
23172
2941
17249
1462
24934
1083
24641
3088
24748
21419
32100
14475
23765
12968
23889
15455
6086
6857
5452
4496
13831
9933
31788
32368
17455
21052
31591
29285
12445
23627
30319
8172
3433
20992
15425
30686
11930
920
14138
27123
30874
26918
20269
3716
29415
14972
12724
7573
29450
15950
29891
22290
29645
5269
18307
16473
27817
50
9565
23289
15742
29652
16212
14521
647
26139
3993
4317
25740
12542
19289
15012
14681
106
9946
12565
2160
5163
8134
1019
18427
22800
16839
23087
26116
7498
6483
26901
29160
25622
18634
1385
31241
7324
29630
12604
29124
16406
29841
19257
13219
6964
4166
17197
29651
18111
7313
30663
14040
4990
19504
8604
8319
27990
5502
28525
12052
31156
26438
14253
14038
30000
8149
25406
12712
5226
31315
30076
14089
27704
26195
21884
12358
9476
32168
15509
7406
32111
3194
28192
31623
24634
24474
7293
10879
4455
19731
8023
21862
13979
11010
24360
16986
16071
10407
6655
5058
27911
15803
25985
21055
2763
9220
4653
21215
1332
3880
21477
19860
31169
5823
21418
14309
30250
1707
3752
14308
28556
2476
9842
17248
13511
25135
1678
16219
24612
9575
820
13246
3132
11423
21843
26444
20501
12495
6101
30677
18061
17517
10788
17068
9468
8069
7149
12635
9493
29196
1572
16020
17933
12402
30024
18283
10496
3702
18664
31939
3216
7230
11366
2310
11215
14759
3323
15898
1119
21466
12539
24464
18391
8480
21594
23838
31849
20215
28272
4431
4290
22117
1273
22649
26418
27276
12384
5104
7181
13695
13629
28025
2897
22356
22300
28417
22920
23418
18560
17039
1008
6221
23591
11896
15322
11496
23440
8658
4432
4410
9915
25898
12538
27741
304
17274
14659
9506
12354
16213
27319
24817
20117
10341
14255
25808
30942
9495
30513
3265
14314
1173
16146
19793
19426
27893
10589
29550
15565
14767
2297
5753
21590
7765
20869
28828
25807
24958
13959
4446
375
17412
17862
7796
3064
26735
244
5850
15156
20144
14992
19491
32577
14355
14859
1550
26290
1903
27434
1113
26905
29087
7339
21210
15050
4662
4651
9163
3553
14447
27975
9318
25734
99
12802
32690
22639
3199
27238
924
31655
29492
11631
7241
13966
13552
3364
6571
18210
20046
12295
29522
17788
14986
6575
32389
20893
31287
26292
19090
20075
29236
32715
5986
19959
14044
2098
6736
4865
6013
2895
1339
19390
32267
11668
986
27097
30486
25765
9040
15287
30202
31421
22529
11007
10582
24910
5539
17498
29631
5863
11672
27767
23733
9307
26491
26195
3541
29984
2041
3767
12369
3829
14818
28930
16030
27847
3455
6440
7788
214
551
18171
5851
8724
19981
26281
30444
26829
22620
29318
53
16013
6534
8716
27098
9535
21976
2592
4024
31122
26195
4759
8675
13473
951
25849
26707
28882
18400
14469
28378
13822
22869
8053
11609
20691
29983
14723
52
14711
19159
28587
1283
19822
24323
7475
12171
24766
26531
18921
10988
27217
22278
22956
23323
20378
2274
21805
4755
4988
17828
12279
20552
27751
4101
12205
6621
1476
28894
22675
17942
28819
13629
848
19344
1874
21176
32755
26544
18721
26113
27187
12761
28709
32699
4859
28386
18218
13196
8998
14535
652
7540
23431
20126
8279
20829
5676
8397
5037
26867
27875
28027
16232
9141
10494
324
1025
19788
24660
28721
25777
24092
25480
23271
2005
2586
24974
5150
5783
12765
25706
14933
16331
27127
2875
6596
25111
3205
9593
27283
8535
2309
4987
16201
27455
26216
4156
14215
12098
11112
18526
19190
19891
8476
25199
16510
555
9162
23660
9657
19754
30204
25219
23207
8449
18902
797
1443
21999
29862
25628
917
10634
189
23905
10346
19808
4478
7314
25537
18655
19892
13850
7655
12914
17449
18289
24838
1005
32372
3741
8857
3627
13842
6905
16675
20469
24504
31541
2593
13350
232
3230
23613
31501
963
20383
14788
21267
32030
25992
24410
25758
6359
7055
13037
21813
8297
10005
7911
1508
20415
30506
11688
4322
27718
16210
31027
19057
21062
8073
17191
18694
27762
3462
18674
14506
18878
25405
10305
32160
17776
13991
26554
27208
30074
24261
30702
3139
21255
18915
16521
21720
20820
2330
3532
8342
22209
13592
29246
25147
19496
4132
28830
29909
13933
2396
539
22823
3670
1345
19656
25166
19101
3958
7754
5541
20548
22981
32467
16869
15657
11363
28757
4497
16602
11125
11759
7313
30634
5586
32684
15644
31749
24843
30316
11228
8704
22185
9250
10061
4404
5813
9280
10855
12493
9086
2160
30332
6622
23190
32133
29795
1016
32542
15537
12502
24570
14659
7416
30745
5418
12041
22756
21724
5253
6728
23675
30307
13908
32755
12142
16868
5632
27808
20371
4913
24615
23109
3989
28822
18159
9024
19947
13829
4251
9883
6150
31600
29788
397
3535
14967
14697
580
6480
30531
19537
14305
20145
28850
16016
17349
2151
7092
25697
20491
5032
28149
1236
20309
290
15292
20512
27084
28140
11539
4154
15202
22717
3624
18343
18267
22364
32499
12942
17675
16471
17945
24081
10721
7416
19216
18909
5284
30581
31620
18432
32253
22887
8186
3836
21046
3709
25524
12825
22593
32626
5076
29695
2556
14652
22980
10115
16819
29831
29908
4802
24806
12641
14117
2156
21581
15159
18887
11107
6426
10496
31774
4229
10110
11704
8842
12997
26222
19728
18502
28033
3239
18532
14481
28944
4848
22509
8972
26010
7071
1080
24420
12332
29534
13270
5168
3595
3887
16726
17693
31305
11182
11632
3144
4503
29078
16771
747
26714
17287
13890
7484
1793
6407
12969
32146
149
2758
14135
714
22417
29734
18775
5609
9461
19962
29471
31490
13718
9870
27452
10587
4536
23273
31021
28363
8926
30030
27056
25190
27617
21769
10106
27229
1856
872
19499
22815
24503
23047
15745
26052
22291
24144
10956
940
20292
30275
32418
23907
18868
23155
6355
30408
4311
26961
25759
14959
8196
16301
7975
30275
15747
14970
25122
2928
31463
17874
18129
21888
3997
7482
13621
3267
16838
24870
13183
10229
20802
9664
18888
283
6413
24293
19970
16814
23247
19824
11311
23035
26798
20924
32465
1994
8551
18276
2977
12350
29341
20045
30851
4348
21873
9447
19642
3215
31058
30639
4696
5644
4374
18937
11257
32753
30282
23532
12977
12883
5831
12750
28739
3129
24710
8322
18836
29763
8118
846
11615
23695
779
32482
23337
15836
14936
30102
5752
19952
25440
4340
6720
30008
14570
1142
24734
18351
14355
28048
4808
1280
12264
29937
13637
25583
28468
5383
25689
11509
1175
10689
13508
26666
17624
11672
3244
8809
2940
18384
2263
3502
27032
4091
16925
194
14051
10944
1821
6683
14607
9178
24112
2557
21850
10595
25499
18406
96
3155
22537
14121
24627
10820
29496
32473
21677
9336
20210
6376
23045
2076
32319
23696
31137
19406
9433
2034
15659
18014
8928
3326
22503
721
10447
9618
31300
5548
18351
29414
945
22383
20874
11303
1713
10335
7715
8290
21298
8584
2020
4004
31515
22275
13592
8032
1316
3957
346
28176
16874
5336
6989
2591
30531
638
10894
20487
21966
13394
4583
29623
27855
15202
8646
14647
4154
31642
20205
8334
25870
22226
16746
2276
2020
2316
20426
3812
456
6646
14986
10852
32583
1975
15310
20296
32201
3815
16213
5539
25378
13279
22189
11552
13155
28980
15779
8097
22774
12158
766
10021
13034
27230
10605
6895
23947
9919
21693
14309
26934
7771
22351
18486
29547
17537
13258
28223
22052
2070
26381
5808
24933
30427
3688
21994
21269
9709
15883
13484
268
914
7102
12271
26989
30258
4563
28686
7478
27812
11865
31530
14613
17324
659
26317
24702
9409
5801
19661
28410
16915
17820
1908
21442
5068
5503
30941
19340
31382
24549
24993
27813
27486
24214
2740
14656
2136
28806
18057
11278
19268
11015
3453
29454
9455
2877
14706
19623
13820
23506
9402
15092
1252
8940
12344
351
21820
11356
29889
8305
1079
1049
9160
17384
3691
29932
23355
22282
8920
24428
28840
13114
26406
32045
30628
7369
20782
25653
1901
526
14780
24239
974
12473
