1716
13168
13956
6624
20655
21901
10054
15503
6920
11149
8539
2124
32541
18862
1822
14551
24891
31827
18287
17765
20567
30961
23298
14496
3583
5675
11261
18928
21136
20284
7107
7161
8616
5782
6922
17509
17118
15304
2100
227
12977
26789
18396
15727
8127
31139
19375
20437
18488
13697
31613
3184
19345
10285
13455
6200
17533
9444
21308
7164
16153
13211
31415
15595
24422
28062
3883
32345
19453
3447
5642
28864
12542
13841
28834
20997
28490
13597
9457
765
19442
17589
10426
30256
13295
4159
25304
31709
26643
149
22227
3902
9535
4963
11953
2316
7383
16848
5902
23366
20851
14944
8559
14895
11223
29208
8404
22166
23590
20708
13452
3417
23378
32055
30029
12332
8407
2801
30852
19351
24745
4485
7658
3646
25962
27995
23384
13669
23265
12403
31452
8883
7336
1612
32524
32566
23844
3844
8602
4008
14522
30144
8233
7665
2368
17998
19295
7148
3506
17929
3132
25454
14887
21501
21418
14213
17411
5196
10325
27389
15981
27345
18108
20521
23300
2306
1929
21984
8909
4891
29
30149
15216
8313
4464
22475
3237
6979
22808
20217
23017
17232
14503
4971
9333
22597
26426
23962
26992
12030
16719
18141
4196
13872
19159
4911
7663
11852
6029
18482
32443
6310
3461
13684
32431
8662
13832
20977
16487
2910
4255
4826
18658
22670
7278
8085
29563
17061
3011
1797
25115
14393
21999
23051
15788
27609
6997
20301
23249
13808
4032
21558
5844
19948
24314
12094
224
7840
16282
5995
9072
14823
10269
25879
519
12171
23096
16373
7970
19301
14445
28239
7786
32453
6621
10641
22319
30996
4189
7179
27410
13239
21707
27635
13569
30007
19875
30633
9321
3999
25549
10047
22694
24102
6585
30521
4287
17934
6318
8337
17232
16076
10335
511
29383
9577
17600
11895
4563
24360
17943
17650
3098
3945
20310
30065
18219
25805
30376
22335
12211
16795
23626
29815
9971
17251
9116
11975
25713
28129
632
24947
8174
32035
23234
25757
6041
8942
4672
21955
18050
13151
7340
18825
24401
1230
27656
19129
24376
1783
15154
19080
19750
21852
26296
26139
31038
18661
18413
9545
20615
19658
17981
5795
6373
31410
4797
27825
10568
16925
16902
127
29219
7935
14404
23896
27168
9133
7050
14802
13074
23037
16489
523
2858
16297
17600
22321
24175
25077
19669
10312
3176
23698
5797
18471
13851
16321
22393
9412
10300
8636
6074
946
13726
24401
262
26600
5613
20432
21123
1220
7327
28711
28532
25168
23592
18764
15370
5827
2413
5595
15484
14667
13180
27393
10842
29193
9082
26776
29726
19293
30940
13459
23300
10341
21979
17821
8987
1216
12321
16637
2460
24984
6601
28605
30075
991
5766
3851
5693
26584
20770
32735
25865
3546
17707
6622
15361
1105
12521
9599
30675
21253
25490
16748
22410
11167
15297
14123
3755
873
27173
765
15741
31317
19574
4870
17320
13121
29870
431
8449
377
12405
20297
22693
3965
9437
24307
2629
25349
21071
15037
13760
25155
5318
25357
23799
15976
29754
11586
30685
26473
22880
30104
28365
27907
31376
10315
3873
28925
5382
26112
11776
3757
17998
18272
28023
23485
6650
1030
22475
26159
8086
155
17678
21407
7390
2111
16113
1480
12334
13611
22233
26698
30521
19605
8757
19371
3582
4564
20750
29083
31224
21701
4831
11900
21909
16237
15784
17441
20458
9952
27454
22998
21669
25441
229
13729
28739
29642
21792
6856
17539
28719
26568
29075
8474
4030
24668
7251
5288
17897
18072
7587
2539
15048
10569
29678
17714
8888
10079
20018
22037
14665
3908
32259
20836
25431
2156
19154
26461
15478
31534
2671
10786
5012
10962
8909
6250
6873
13803
22790
16502
20178
28903
4510
3911
22735
20196
26124
8206
28809
19653
13174
8164
264
4741
1725
6587
5316
16076
2489
16020
19723
4288
21958
32243
26786
25630
20351
656
7599
13193
28617
26448
19158
5410
7700
14451
17315
25944
32733
5391
15400
5122
24951
1213
6119
18347
7180
21906
8178
19244
7391
5713
25680
31105
29139
222
19619
7125
32561
26870
7176
28127
17062
798
27711
15473
18315
6105
25612
21070
12393
30494
11484
10045
31165
16393
27564
1371
23032
20689
16679
6325
25290
29434
5390
7446
18336
6092
12509
7710
28012
14595
28076
32148
10148
12744
31059
13309
18061
9184
30417
32622
23225
15652
32239
29854
20942
28977
15904
9791
20618
31584
18604
22159
28164
15609
17933
26410
13365
19363
6809
31522
2486
17439
15970
32593
26827
13622
19547
3310
1953
14064
3260
23135
21972
519
32423
11854
29492
7067
9483
2303
969
26919
6857
30689
1301
16564
12821
18275
2200
18765
8991
1800
30618
16306
3571
5054
17444
29521
21406
7276
11088
3953
2707
21706
27842
1201
4685
19061
7031
9905
2613
4163
27582
21007
12229
13267
8835
11925
26606
12649
2515
25008
30647
23033
3741
17700
12328
24450
27574
30207
4454
31646
1568
20427
10527
25686
24204
10248
12328
826
15389
24026
11109
8882
29807
4606
5098
1423
29912
6914
19039
7397
28910
2486
22953
20509
23113
20958
19655
2886
1418
27433
7161
1964
8347
32359
29992
684
24121
29430
25474
22214
31408
28797
6757
10996
32230
10461
26494
11322
24219
32357
4146
1407
27375
23110
7740
2459
6693
18246
24472
17329
11174
9400
7584
25023
14153
1451
20342
11635
4817
4194
19361
1857
12472
29188
15611
6066
23595
14997
24266
11007
30293
13605
17453
27358
6368
4167
11962
27292
16825
27333
14437
14700
27668
6290
21667
28415
15025
13312
27856
26196
5981
20275
7118
6866
27579
22998
19696
23444
22340
3852
16918
18692
1677
32682
17689
20651
4040
3235
2153
6983
30862
26052
31476
8478
18652
24737
4938
22675
20315
15311
22015
13047
31460
8787
6993
23457
27971
859
22539
27969
11067
4652
28074
4465
3531
604
17853
16013
22704
21569
15506
1989
6699
17833
7950
13168
14340
15051
16349
2979
19919
13182
26572
7427
16494
8361
9586
22487
10967
11771
16406
18274
2072
21468
20941
21359
16024
17827
19683
16429
28831
4105
28796
24637
13848
31709
28795
11530
9110
2298
21667
14681
17046
5495
21244
12833
24324
1309
10617
24988
19968
32030
15063
26782
4577
2051
29384
8742
32634
13799
13649
25906
18589
3299
23921
6360
4062
24009
3843
20115
27033
20757
24549
22235
28215
16416
7258
1016
16812
11927
10925
3863
13380
30764
21016
21406
24736
1675
26851
21693
27387
9104
11728
16709
17843
15287
20663
27070
7940
9428
28270
23732
23574
15620
1003
7505
17722
30179
7341
10289
18288
8191
16472
14961
28462
2701
25503
3849
92
19291
24678
1628
20387
17158
14632
27662
16615
12653
11159
20246
3858
28261
22147
8212
16660
6831
30461
2532
28712
23847
188
14451
17240
61
5568
465
17475
937
8500
9608
28958
30299
6553
5677
12281
11441
11809
308
1859
9965
25433
2312
16273
15334
25355
25948
21147
23550
867
23995
19335
83
18768
21095
31851
6714
27181
18272
11533
5865
4257
9667
9965
19315
26820
10069
17029
23802
14211
8288
22991
31007
325
7102
17416
29374
975
32051
16052
5849
1892
7680
26594
19921
19249
6068
11697
23772
4329
12614
22291
23475
2989
8801
2513
12939
13870
8447
29135
13383
21525
27961
28050
10476
8867
20317
25599
23637
31892
15426
10085
1320
30026
5080
2494
6152
12071
11779
1586
23308
28987
10666
9181
19824
16415
12811
30162
14219
32288
11857
23648
30465
22176
3944
27540
23354
30906
12304
6910
9747
25893
31536
8888
1235
21339
19565
10661
5472
29178
16124
10487
19379
1642
24244
10484
19337
12224
28520
15097
2651
20706
15987
21695
19857
26092
12948
28893
22771
18643
3581
6286
24928
10569
5798
15029
6082
15328
6375
29726
24641
25713
30790
11527
2487
24511
17038
12255
6500
12376
31009
7501
32484
21180
1166
24948
17501
31937
1638
3702
3837
27702
32076
16438
932
2247
28492
28003
25565
23840
3694
18866
30483
11094
2954
7530
5122
8322
2909
13862
24171
27567
29149
21718
3340
15350
30666
15624
19407
27111
16006
18790
3650
20523
22054
10623
26183
5992
27081
11466
13069
31077
1576
16103
15422
16239
11887
31017
3450
32763
13132
27986
9733
24460
69
3485
20668
22743
21326
22018
14414
20517
4763
6837
2984
30202
13491
8176
18097
15604
28358
24306
29496
26357
7488
7240
30250
28037
6814
13131
15625
18801
30848
15082
24473
23992
20224
26537
2525
2472
5699
20202
16961
9797
15949
28523
24601
29418
31002
8977
17994
13619
27370
24036
13895
4121
13532
24154
20288
22111
3518
13016
3478
23598
23844
14454
24209
3068
3255
30467
7253
17074
976
32329
1554
14093
326
10385
2172
28740
18308
26218
27259
4076
20190
30631
12835
29465
29221
13735
21990
28359
18808
21209
3592
11128
10078
13182
23124
25630
27666
17329
4110
3130
8990
28325
1064
8518
7979
6959
9656
11089
2072
20868
7338
12521
3913
28227
16562
8765
15938
1718
31877
32643
4980
25173
29001
16024
24918
11659
28234
13286
9144
18877
4334
651
16213
24201
8427
22456
24487
4171
31927
30038
26367
32742
10817
20464
9428
30657
24542
17357
18011
27151
6534
9564
13657
9300
3648
12502
22838
23588
6619
7454
28242
31022
28383
21996
26524
16506
9411
8490
3680
17647
30304
13214
21600
16664
17574
30922
3111
15912
12686
4624
31642
11323
26447
20762
31952
20446
24533
12665
8483
10450
16495
5516
2695
13837
7624
19108
28443
15106
15384
6245
31486
27170
8091
24432
1124
6307
323
2879
17897
24448
31658
23375
4901
19905
1098
18309
15232
4092
1264
971
3911
12572
10606
26362
15104
22625
13712
14588
27899
10408
30546
11314
31018
9453
10576
1555
28466
15886
22910
15126
22210
28113
10265
466
1572
809
29406
8548
18194
949
16505
32530
15818
18058
64
12078
18021
11314
29217
3388
15460
6132
19161
8023
24716
3670
26727
18640
20724
7393
10945
4121
18268
28452
17605
31713
4544
13564
6514
19329
31021
15890
31064
3735
2772
28324
21581
24560
30557
29065
13154
18348
31869
19311
3862
2204
3275
13160
21961
23791
10703
21669
13939
26126
9308
23936
917
21444
14112
32704
17008
1698
12154
17945
14966
12706
6283
25331
6398
16138
7312
23661
32059
31891
4207
14752
111
21195
23951
5416
3676
3000
15853
14561
8699
27838
32365
9966
14961
10178
15214
13312
7231
26512
19360
5844
12985
31610
19738
4350
9657
26178
2215
5350
30612
21563
8033
3344
16205
15530
13954
10400
21257
12914
5494
20765
30403
10225
27189
11637
25409
10789
10191
22081
14663
22291
13128
8011
13578
4969
21159
6733
13799
17250
4682
14076
28245
2794
5244
9285
20505
22787
32586
22231
2233
16999
31890
22753
8754
28526
92
18205
7149
8499
18797
7949
4080
4594
20506
17029
14418
13493
5979
21609
26865
6192
5152
21176
20839
28905
7912
4553
6969
3740
9103
31957
14418
16605
871
16310
30128
28415
23947
15854
9822
26421
12656
31467
31394
10487
4029
22410
22391
11943
19805
18649
16957
31349
27858
27681
13488
27264
12748
7204
27927
6205
4858
27555
3773
18205
32288
10531
9893
9834
8810
20465
26746
27250
13568
2660
14277
232
25562
10594
20835
25735
27350
13605
10549
21496
32519
31551
20505
28662
1104
15836
30233
1200
16690
26696
23779
623
1251
27825
20089
27000
29600
12077
27690
11572
27971
8703
27073
21134
16920
30486
2300
19869
10733
2774
26944
25219
12648
27675
32650
3477
4510
9595
19113
14012
9696
11212
6059
13338
29656
5606
27285
24561
31190
426
24407
17857
14180
19012
5886
10929
9248
29612
1324
30000
2251
28531
12741
14300
28317
7868
17132
25507
6363
13705
25390
25896
15532
25400
22524
12648
27433
25677
23647
1437
25011
24945
5095
24163
13449
16315
10725
27161
1945
17967
28889
31370
18839
15492
5678
14796
9549
26411
15909
9833
7474
1164
7184
6845
1341
12179
23232
25503
20219
19307
26944
10820
23520
23689
32708
13663
18907
29421
28892
17805
28204
2468
6893
4337
29306
32658
3554
8731
18464
3438
14623
7727
26057
23822
13750
13891
828
9701
222
18440
18297
29386
15009
29101
7428
29946
15572
7424
8321
2145
7756
17879
23937
19733
30287
32686
19868
31268
29769
32401
19904
19855
8128
10045
32200
15766
21642
27266
15952
20278
20286
28651
16584
13809
24040
21409
24008
8397
2305
31629
9635
22687
18590
18365
24383
5001
6631
8713
26916
8642
2251
12534
12498
22421
498
12762
13400
22701
243
15937
16930
10383
28360
144
27411
9320
17535
7144
23252
18953
17969
19277
2667
28720
27192
31752
271
21513
16541
26441
5946
8180
28368
28433
28673
20361
5020
16975
7329
5337
10073
3146
7770
8951
11364
13118
14976
440
17356
27210
21711
20150
31310
6793
17407
3995
24964
26496
21656
31132
18777
21176
28168
21059
11712
17067
3570
19826
11430
28901
3530
3237
6180
867
26271
9079
30970
21823
26423
17768
5433
12943
4193
221
20287
2954
2951
11112
28904
25324
28547
25418
14083
31644
18355
18998
12547
2444
4432
23896
18679
27105
8955
3734
1981
9813
12953
790
26994
18393
28001
6912
22060
15486
22067
9861
4844
21653
24108
27680
16078
6933
27511
25627
12419
3390
16998
19798
18433
30076
1217
32580
2169
28046
15198
7478
3722
19431
7665
3804
14004
85
3366
25096
2063
9184
29421
31158
14141
16373
32021
11850
21917
4292
26141
17176
193
18150
16455
21801
9763
3139
30445
10044
12051
20531
31256
28428
10484
7907
18511
2001
15784
2043
19117
11785
4169
22653
14135
10360
21018
11248
28012
622
9149
6335
285
15176
5798
31708
26494
3897
25295
10152
31358
15691
9389
31255
18004
28320
14180
7695
21850
8958
32567
31762
28191
18059
14402
7709
30647
21716
7531
2768
30806
11540
31638
23502
25118
31668
1304
4967
8756
23822
31086
30069
9753
7542
30000
26499
19256
14971
32320
7221
27835
2410
8263
3556
931
10004
11618
3208
3352
5329
30488
25307
11005
9925
5008
22203
13000
10082
768
2256
7825
21550
18793
30576
5224
6087
20610
10431
30700
9508
9713
16411
14874
22557
27073
695
23394
32558
273
3973
21504
29304
24841
20058
22153
7176
1555
23117
8388
21852
27463
27488
20156
15907
5670
866
25619
28741
2700
25107
32665
13603
15072
1162
27933
8224
18574
13268
2436
12896
10423
26334
11544
27600
295
31636
4130
28006
20871
2891
23994
4266
15571
24156
26846
6261
1807
17170
14274
24312
6966
19399
22887
9473
11636
14409
14703
26234
19860
3715
26160
22578
32188
9817
32007
29409
8536
11475
12526
12134
22612
25214
8017
22610
6798
6415
26398
5290
10123
13386
13852
4073
7785
12834
16509
25413
21012
32290
22198
9267
11709
5131
3470
15405
15752
13759
11381
28083
12165
14429
22040
10896
24802
11438
7986
8030
19295
26304
1957
6220
26369
10448
2505
8991
21515
30061
13316
4727
24874
19675
155
18004
16880
22966
24519
24024
2435
20695
10252
13903
15767
2172
24774
23404
5529
2722
6917
19669
14893
9910
19610
15587
6363
18029
24946
11426
8197
2545
30499
2336
30493
28477
30405
11748
1813
2250
259
28860
26390
1899
24689
6844
372
7029
30241
29315
1250
28964
21617
15296
30178
19514
31782
20469
29824
1769
28607
13435
2624
30707
4355
20935
5205
1040
31965
12267
7699
24208
22889
23647
16295
15681
19023
23810
21766
915
32592
21596
8483
10490
4382
15142
12645
24212
8305
21260
5464
14348
27479
14001
16035
23486
19659
10996
7482
32284
23178
5490
19412
11344
5410
15435
24736
10787
24140
13098
13875
26397
10619
6527
16581
20205
6837
3599
17310
30988
1954
31663
31435
31646
3811
9036
3349
26009
14756
1839
23092
9256
23413
7039
31039
22354
9301
24584
31591
22999
6416
18234
18149
90
26060
3701
7729
21445
16094
27524
10101
19178
17378
13159
2113
18278
6410
24149
27008
22987
10934
3329
30635
4350
20293
29469
13116
22749
15147
19228
9574
11301
31556
14141
19715
7571
26985
13253
22478
31818
20288
32395
31698
6005
11096
6074
1314
25901
19573
16339
27595
4253
14120
5873
1543
13156
2467
16721
10931
15930
20940
13585
22531
21719
2448
5432
12917
8465
11642
15863
28675
24900
8580
26159
925
13814
22573
31282
7382
29371
28619
5070
20446
30295
14883
13192
31152
20003
25143
7973
13452
10418
9311
2415
28840
23475
19611
26421
1315
281
28456
5524
19770
28538
3921
13685
9662
4533
10376
24663
24261
25048
19893
6735
30113
2881
21198
9548
11022
30723
13480
6560
18863
19851
13069
26556
12476
7299
20750
10043
30453
18422
12186
22307
14810
26549
30288
29543
27933
10746
16018
944
15960
30796
13531
1884
24828
25506
25682
25287
22153
7115
24735
12746
1797
30221
16893
9090
15783
18189
10128
17235
24019
5102
13306
21292
25675
24253
14377
6924
2211
4621
114
20933
4853
20446
30692
768
14807
10180
5590
5761
7306
30789
18883
23724
11636
32642
22872
17480
8400
24346
25802
7556
13221
5963
1389
3639
24308
15706
14979
7020
19254
28981
6225
27678
6150
22104
28025
10560
19482
5101
21123
7937
375
8247
22461
845
8677
23344
17733
1431
18337
15473
8548
3030
5715
6227
28957
16589
8255
16468
26374
22416
11199
700
29783
10308
27889
19840
28737
2598
1965
30822
18817
3791
28090
31338
