1814
7940
25593
7628
2412
8631
5123
25989
10748
23315
4102
3445
8580
23731
12227
10406
10231
27528
7672
2609
2584
3869
14991
28326
15688
9759
27926
21678
26012
9244
31599
18671
563
23691
14537
10544
13255
32525
8399
8894
20865
10482
13086
28686
16402
12287
8957
6563
16127
2670
12104
15922
8252
30775
13998
9733
7677
20878
23581
9629
17097
7853
20345
5019
6096
23763
3732
21985
3454
5261
12891
18932
21072
9524
7245
3236
3047
27063
6194
25840
9819
6810
17929
22052
11729
4415
24642
7492
26192
20581
12845
7597
5584
30190
21171
250
13460
31205
30532
3621
30650
24255
29456
31726
27153
14049
13946
17025
1834
9059
25289
12371
3250
12308
17953
17997
30206
12478
21427
7980
21992
939
27696
26152
730
23911
2691
8403
18728
456
10431
20549
6051
3628
29014
11638
23147
14594
4237
1259
30724
10892
14892
30101
9388
21218
14202
5878
32748
24891
4456
19077
12398
16488
11021
15444
29198
15521
24658
22256
18995
13956
31983
11912
22112
1883
8086
10066
26886
31390
23917
23339
26781
185
14786
638
9458
32526
17915
25702
5827
24894
32203
4631
15753
20388
13228
29050
3989
12067
8585
23319
12382
20002
29114
20280
24858
25300
21558
1611
24459
16061
29700
24713
10012
23410
24819
30933
18476
9376
16779
24295
18858
9039
24899
15529
18658
28264
28405
27361
19350
1141
32654
14609
30801
29353
10506
27803
10488
27936
18848
15145
2978
15463
20281
17484
17833
9279
4903
20068
19714
10142
7700
19135
27593
19959
26680
25861
8736
19899
27088
8659
23098
16416
4043
20646
8883
16929
26822
21755
25379
9926
7738
2740
16114
7845
3572
18878
6766
30889
6086
19697
30234
24594
29565
55
5193
15293
8978
31217
7404
4774
21797
9110
13225
6571
19366
21917
13357
20115
6870
27294
2242
17486
21614
3508
20260
1150
29469
18469
16272
10807
6712
4677
2591
6659
32174
27543
7762
31530
1594
15926
4334
22064
1500
4467
5130
31902
4233
20416
13670
7686
19746
9165
22270
11841
21155
12528
5599
251
26013
10954
4922
15986
10726
4136
21431
5498
7310
3367
10507
20165
27158
18588
22989
9569
29917
8370
31621
2178
8155
6869
13063
10882
12689
2767
20223
294
25408
13617
28876
6947
28762
28917
14226
28384
14902
3169
8586
1662
21511
31023
6045
11542
2831
1002
22322
321
16144
6811
11844
4318
7940
26277
15799
25103
7693
15854
13804
3461
13487
12095
16787
19966
16957
11758
4800
10507
8849
8378
17985
5399
19456
22518
4400
16549
2446
12010
27844
24281
9565
23670
13420
7482
5996
14072
27167
9910
3198
28528
5357
22503
22871
2018
28123
2196
11822
2300
20205
3707
7776
15097
6276
23885
20578
26053
234
26619
27129
23650
556
10032
3245
22410
23080
26910
30331
25494
20710
20094
6858
26014
14636
6354
18336
31714
24396
11758
11030
15720
23105
29878
19721
7399
29434
28457
20755
29412
5622
13727
5305
29467
785
14158
32230
4384
12190
25619
3481
6214
3765
9072
2778
31424
13262
15569
23026
7174
911
5395
21467
6779
26339
25926
12790
23628
13388
20146
25084
25499
17274
28697
22071
11741
24348
24636
9714
8832
2294
12704
4654
21713
17460
25490
17046
7454
23038
25705
20149
19735
19532
2315
26471
890
27388
7603
13453
25328
16162
29681
15109
12338
16543
4594
24282
7023
2549
26369
21943
14578
32345
10574
7586
27904
5642
16622
19430
20223
17634
25636
18513
18398
12074
18655
18592
28592
8371
3971
8248
28314
31266
19180
14359
25840
2188
18865
17161
7835
31555
1189
543
5566
27631
22180
11613
2201
11488
24972
21683
9901
20898
17545
19759
6432
9682
1942
32368
27236
1585
24640
9310
4372
20471
13229
22808
8734
23146
31198
31534
28199
11950
26161
17425
3627
29151
31018
8903
9060
13661
24434
12003
20078
8551
16928
18357
8616
11756
27704
13246
4829
23965
26993
21606
12324
12103
572
16882
7172
14688
14593
25520
5340
9184
11436
22644
2946
29778
1128
17224
3371
24618
18602
20576
1163
6489
19826
1612
5693
18719
4558
14193
7268
11552
14495
10170
1427
2747
32415
14987
6890
27799
20899
15607
29058
24190
27934
8242
2828
7023
8167
14409
27060
25070
7996
21264
6988
25247
2822
15196
32678
32019
1886
31859
20033
16098
3921
31169
7976
22778
25824
11981
31512
32566
16971
11115
14049
26163
12432
8242
7694
21343
10030
3888
12488
29522
22830
29917
30968
27234
21348
32078
15020
21361
20467
6571
956
8458
25359
2531
24237
5293
25863
11934
11477
16486
15746
14196
27584
18084
29704
348
27091
19529
10693
14695
11823
20734
24714
6062
6105
25033
13077
18056
30743
23009
25234
18945
11293
9665
23906
31624
31208
15483
8986
28136
13419
17231
10703
19834
27369
3964
10385
4248
10146
31318
27445
3156
433
15257
4952
16746
1589
15869
27296
30068
15535
8714
10821
27741
19115
25390
23504
22040
31395
21261
14115
17554
10784
24344
8634
15845
25378
21601
13104
16078
9410
5549
25349
16737
7958
30667
17310
7163
26197
14373
28301
19577
24891
16789
1555
935
30383
13178
28643
1275
16036
24330
11561
11908
14909
12010
29643
15645
22324
11516
27887
8422
17020
6776
15549
30197
20005
20030
14182
30024
28289
19818
26469
29182
4741
21033
18693
14023
23409
13516
24355
22426
30644
27419
1333
19366
9481
4588
8843
25482
7655
13556
8917
28616
30232
18652
22502
11127
10919
2967
10423
16185
26880
16116
12719
28781
20819
29039
14881
20646
14393
18765
8983
347
11162
1512
13134
24544
16078
11079
25729
11668
25090
3057
5610
2141
18654
9475
18439
18257
9317
129
17818
4022
13340
4586
24051
13869
29294
16655
5233
16426
24655
5924
26951
6567
13344
16920
8060
21274
28626
25122
9270
31652
8783
21917
31543
27531
22549
30485
21672
4842
32548
418
12309
8359
16923
3956
12474
5542
7838
26288
1789
6204
15098
2171
4923
7143
16140
13907
9671
12604
13407
24998
48
4640
12692
14749
31683
15931
21767
19257
31057
15274
21167
26530
32307
20468
6470
17596
8842
17728
21162
3066
13515
4037
17284
19319
13948
26497
20007
32067
5688
10798
7355
6394
19193
6514
13978
25500
13463
18774
1274
29080
25995
21241
2765
3882
14841
8070
21477
743
24558
24419
24412
24215
13542
427
2355
21058
7313
16351
14137
13710
13526
4568
19758
15176
2841
7680
11305
832
14009
31170
16695
32346
31965
20031
26437
22754
24945
13635
8256
24352
18795
25207
27002
4140
4691
27864
12112
21252
17154
19559
9226
476
14762
24610
32258
16309
31510
4148
24841
19505
1843
24681
30470
18854
22224
1764
31712
10609
26274
23316
16542
12941
29579
12516
27085
22116
19483
29746
27938
18404
23384
6275
4705
2262
20666
12533
31613
24939
2426
17525
30721
30232
7949
12849
10158
28580
16107
14928
12390
27008
12180
32481
2889
6742
9941
4370
11549
27364
21831
24227
3571
28427
19226
5018
21511
29987
6672
17463
9705
8082
22732
29482
26586
15517
27469
18436
26745
20606
13494
2540
16543
1462
5712
12947
27271
30628
24529
11626
21554
2903
5343
5906
28937
19105
11216
4371
3781
30060
10676
32210
29068
15697
16277
14525
31580
24423
19709
7881
25261
4185
27577
31518
15442
28348
26845
11280
23713
28575
20232
5202
21459
31075
26089
11366
2478
8397
19202
18520
15457
15449
1964
26028
26287
16849
18524
5525
20815
8735
6436
22376
21395
5984
19325
30543
1865
6457
26947
17730
29663
27502
22785
14387
29898
31408
5999
20873
24359
31671
10809
21712
10915
145
12290
10159
8601
30778
12713
28186
23675
19564
6347
14024
3187
4536
28553
19432
22858
32214
19851
31760
22152
6202
5700
28534
21469
22759
27768
23906
3263
10632
32508
13795
31573
31933
4798
5058
21140
28595
28165
2740
25512
10743
2297
9683
29333
28556
10085
10831
15902
6459
16316
29281
16102
26410
21338
29825
25045
25008
7181
19161
16829
15464
13012
20217
9277
28548
5094
7628
15846
31588
9206
6091
413
2664
6838
12656
32576
25858
30362
10222
5517
27663
24030
28191
31551
3431
4298
26046
25465
26290
20789
14550
16744
2686
25416
26490
28453
7055
2948
23991
15320
12918
11782
9671
9507
16742
29450
2695
16318
27202
5295
15916
4958
31482
14842
22833
28124
1048
796
17811
29075
15766
11000
27201
25354
11763
25056
10958
31187
18310
17823
3946
14514
28689
6845
10512
4354
9881
11006
1537
21845
15221
27948
19056
16219
20134
23062
16767
3333
2150
4825
31338
30953
16387
15454
17922
4585
1262
13348
10334
13839
15887
576
4813
13500
21340
11426
31246
23554
5546
20377
7364
30030
22723
8090
3620
30026
29624
14397
22769
25345
7033
23688
20138
14917
19362
3184
22274
19789
12696
5021
21392
27043
19925
30062
27592
17470
16256
23101
21802
28906
28225
25060
27577
26865
1619
32639
11951
25844
31451
17012
30063
3610
632
12465
28859
19053
16923
5685
19495
10368
6681
28114
973
11861
18814
18225
16963
3967
23461
19990
23242
3716
5125
22245
13256
3461
19534
5222
13689
4641
30901
23237
4321
16534
18059
5085
29445
4649
2325
18613
30810
19145
26776
25675
29822
29167
1971
5009
25126
21192
4849
26294
3928
18326
28319
6054
23002
21588
30427
6612
4074
21656
1518
22327
18735
16574
13532
16018
19440
20035
2617
1785
21124
28527
2877
19601
17673
30263
25371
27287
15193
24161
5263
13988
23354
745
27062
303
26325
17060
5667
32595
3946
22563
16175
466
24641
26842
24208
7515
21988
3969
13102
10248
30091
26043
13362
12331
30936
20726
14943
20554
25028
5778
21413
1128
2778
31557
29939
25734
1955
29118
32334
26730
26977
7304
17696
6303
15359
10034
6354
20669
20297
15021
30108
30443
8281
4341
22940
19617
30545
27635
28710
15539
3408
29603
1884
19083
20126
16242
1022
1717
3370
3818
18307
11426
14135
30096
15464
19877
26194
32269
31944
11586
23175
2189
18221
12968
13780
26725
13734
4988
3038
1272
27417
7128
6627
475
10971
14228
15088
12855
3710
8388
27732
23407
19946
22401
30292
2819
19887
18157
3360
949
26522
15217
32262
1514
8583
3657
15590
30546
18037
10819
26086
11723
5600
19907
1894
24963
32075
11787
18487
2653
4124
24505
15879
11415
12716
10385
2080
22697
9631
7805
595
25200
31345
14290
9262
5003
594
12501
24694
23814
20020
27262
6353
19509
24354
9852
31170
18147
467
17528
21210
21165
2175
25758
16173
27560
22257
4954
12804
11850
29918
25183
15313
22663
6773
4846
7016
26170
27447
13653
28523
19655
21257
25014
7174
6654
14727
28169
14557
31299
32668
17764
6979
27116
31567
17530
20653
5611
26080
16227
7526
12205
28692
5275
21380
14402
28877
29004
5658
1725
25053
10960
23727
3550
7964
20849
19183
9454
7097
24692
12449
22507
461
12119
17881
741
28726
2134
30575
15528
19106
2100
22447
21659
20458
11063
1874
26600
27298
11125
10926
20957
28654
5198
16169
31635
16534
12090
25843
20173
93
11717
28917
20514
22415
13527
23300
9311
29402
11577
23643
1319
13662
32085
21064
26844
20743
4157
14629
25027
14619
19951
21386
30818
8975
26840
20929
1325
2463
9366
3450
19810
26142
31234
11712
26418
5130
15470
18220
10529
4835
9259
19545
10415
6717
25167
25239
3128
13333
8628
28388
13337
20833
6468
28440
32532
3306
4980
29535
11766
4190
3855
19436
10870
20385
23861
16108
13665
3685
24739
23225
16372
25594
21045
14417
29833
12647
11944
16902
12919
15801
12709
21111
307
27803
507
16318
16059
17191
29485
9963
3380
12028
44
2994
17361
17297
25445
8288
26360
25033
28670
18963
27552
32199
4189
13611
18942
30467
3563
3580
9056
13981
1559
12741
32601
2034
12445
27622
25630
24430
23304
4941
20016
929
15733
7218
19259
19604
3227
29188
15422
27997
27912
11683
749
31729
11181
31695
7764
11066
24477
18401
31420
27497
22802
32440
30930
25742
433
32247
28678
32613
4623
878
12338
28787
16499
12501
18044
31058
19678
30656
2429
21578
3656
463
12451
32289
25901
26917
31443
21043
14152
21788
10323
11461
22687
20279
19432
1942
1471
25689
14139
17591
21321
26164
1665
7069
13997
24835
3931
23669
3126
6524
14075
32183
15943
9984
29577
10238
29156
32278
31941
13335
23667
32535
28653
20311
9924
23851
27361
14898
336
29043
25221
21770
19902
20104
14439
28485
428
10277
21410
3234
9899
25376
16642
5325
7051
24991
7784
8497
31450
24456
21872
23821
19111
29497
26962
11210
22923
1658
23558
2444
27883
23471
28332
23047
9335
29523
16682
6548
14070
26017
5399
9347
27718
1172
14296
2227
30878
23058
22536
5473
7447
22116
18974
7486
12651
17130
73
7876
31484
19725
14751
18121
29976
15732
11383
341
28283
12155
12307
3249
8213
23777
10627
17088
8462
20928
16325
3218
23560
7363
6961
13367
27044
20371
13333
2257
29767
25490
29852
2285
2334
22220
12788
1812
31327
5419
16559
31900
14034
490
10346
32452
14993
13643
15021
2561
32012
17037
4371
6034
79
6680
13995
12634
25992
23548
157
30703
10947
11929
23057
20207
30201
28063
1868
9107
4425
17722
9244
390
31877
3462
24951
27127
14320
31305
18015
8429
11334
29409
30728
25818
21501
9851
19773
17524
2507
12422
12544
1728
8296
24936
6257
22895
10133
32623
4081
14702
605
5130
9094
18873
12955
6457
9857
3184
32188
6978
7775
12844
20166
8870
21742
29587
31129
31315
21937
10538
17270
9755
23172
5483
21693
7525
27523
5400
30715
7714
13865
10702
18979
11267
24501
4829
16412
4073
22226
26711
9596
27550
26742
27751
30868
13762
7179
1764
18348
12808
6861
7974
29583
14754
9843
18457
31563
26617
25361
29327
13618
32674
30781
6619
6436
7053
19825
7835
17
128
26032
17365
31929
8900
7788
582
12726
13343
21928
9718
18621
19970
15194
27152
28449
3074
21011
1777
31640
10892
25313
26239
8514
32213
26741
29372
21479
21777
13697
12955
16769
7653
23140
10514
1274
23582
3593
10864
30262
18851
7692
7153
15188
12968
10783
20879
32561
25125
11949
32284
28974
12935
8893
27022
29236
5797
11544
24986
4853
12021
13486
6276
18292
16128
20534
26165
29639
5907
22805
8078
13851
17976
9601
30716
4602
10340
11750
8524
24777
9458
8584
7617
11157
12624
11883
30820
21007
27641
112
22428
8916
25507
15296
7678
18674
24249
30317
3430
12968
14091
30039
8263
21870
7621
12365
3391
29493
23453
24949
10479
17648
24913
9198
6665
11859
15441
26035
5034
24283
17336
12483
2539
1038
4481
3967
5299
28932
7160
4179
29903
24358
878
11416
28484
11318
26673
5817
29411
14736
23740
13205
15391
20655
18474
17189
27420
12530
19697
31839
16392
10912
1996
8282
29102
27435
15097
18610
21064
24241
14757
29998
13973
19144
10149
7328
21292
1659
24934
17677
1040
29584
8231
26382
12932
7437
11877
8310
19745
7930
16535
31285
1573
15207
17948
17789
19470
16561
18034
21539
12392
9474
7848
4167
12515
31511
13078
14135
5800
9286
26955
15249
24557
25535
32327
4776
26567
14098
3307
28969
16448
6129
22701
15103
29354
2871
12432
10867
6707
8490
32340
29336
3257
19197
21993
24806
1503
10650
6442
16933
2144
14750
968
3725
27043
164
13188
8491
15248
8134
162
32390
2211
28513
15002
28291
5694
2073
7440
28038
8516
23837
4358
14554
18659
19372
3665
31315
7089
17369
12617
22321
31483
28299
22725
26184
18521
29895
24647
20830
4486
19506
19059
9685
11887
11473
28614
6282
1418
5140
1412
16636
27241
30995
4338
4017
19087
5655
6854
981
7298
27484
14044
25637
17698
24341
13354
32523
26424
7857
2294
13834
20818
9565
20294
22621
32207
3018
26009
4315
22838
1328
2004
27422
17100
11667
29823
13284
31589
3397
29233
14517
30330
30124
18761
10951
16764
6981
1503
10526
30056
4329
5627
13815
26268
2127
6148
7015
1769
31699
28027
832
11753
9589
26089
17972
15250
26405
5653
13885
18700
2110
12155
26684
23488
27728
27642
16608
20146
10018
25037
18633
26128
4599
21436
3053
16651
17937
20883
2107
7653
8308
15572
28543
9291
13036
1449
16518
10726
18001
13340
31618
9517
21002
4490
30127
17021
3280
1621
4151
20331
31412
32730
22100
28761
7268
29347
18100
21575
9130
19677
19489
23276
20789
27916
10593
24837
24476
28925
23643
9966
8096
28924
15484
1391
10674
31560
22617
25816
18613
25540
22166
10832
516
15343
24070
3946
24247
1814
18707
6137
23074
32457
10337
6694
6559
31627
22702
3263
20878
21965
12285
4050
31641
21278
1523
25467
16957
29596
7041
16634
17797
13230
9667
18952
7449
5621
40
620
15224
2431
18900
1993
5762
62
29250
31674
14649
18873
31022
21536
8904
1538
26034
1467
5829
17640
14511
15608
17075
9581
24174
6410
23755
2427
25479
7484
8188
12754
28930
19590
18736
22085
21437
9054
31185
3622
4877
25552
9099
7423
23208
26577
24916
30594
15299
28113
25002
5315
2423
5007
17948
24485
21609
29489
7180
23698
18858
5780
21171
22384
30940
13537
21094
11728
17815
28257
6423
2408
2059
31378
30
7875
8422
31866
3898
17463
1144
28987
210
29976
276
27880
23425
5419
17594
6551
17618
2141
26100
11447
29000
29365
29694
18084
21922
13448
21033
28793
32092
30444
25217
11302
10873
23662
17326
19138
8832
10760
9752
32034
19653
31821
31823
21162
1513
23783
2729
6755
19620
19523
6701
23118
11202
5003
21167
20728
1388
29397
61
13647
9129
32666
18362
10420
12837
18281
3785
3921
1328
2780
6893
17069
21001
9420
11246
21117
15453
29121
5502
18366
23819
19372
7196
7680
9770
28121
6457
26373
18509
21791
10905
19594
32005
28762
28925
25701
23208
13595
8703
2768
5457
27805
28989
14085
20776
19707
5305
32267
27108
12961
26752
14287
21390
3584
30090
31350
30855
22919
24546
24562
14540
11214
6
18899
28281
14868
11153
5984
7052
24299
28951
487
9452
31026
19281
4945
16042
14148
3962
27385
28038
8815
6904
17599
16821
32424
1087
30296
12001
21116
21235
22248
9586
11082
844
17618
20748
29104
22719
15822
8280
25155
17371
15677
31240
32387
24433
21690
17173
2574
18679
13042
6731
26643
22574
3253
27912
27914
31235
7245
18753
30882
12979
11022
4293
27643
2867
22830
29126
20502
28111
6103
18581
16522
13841
2427
20141
28280
30692
15464
15091
20416
16889
29596
14140
20085
24426
29146
20240
3215
23710
31485
15278
4064
21356
32653
12623
27210
17027
9872
4527
12846
29705
10658
10186
24359
14210
14152
20707
24313
29428
20354
14027
30404
20296
20127
32608
17534
1012
6741
5460
29855
1495
9489
28208
30
7524
15244
29080
1693
10243
20639
26064
6369
2228
15192
1407
1924
3062
6989
8883
2542
17127
22320
31526
20865
6572
27044
8640
23828
11539
28751
8540
8355
9079
12593
15567
21828
3301
2612
28710
1373
3708
