1
2
3
4
5
6
7
8
9
10
11
12
13
14
15
16
17
18
19
20
21
22
23
24
25
26
27
28
29
30
31
32
33
34
35
36
37
38
39
40
41
42
43
44
45
46
47
48
49
50
51
52
53
54
55
56
57
58
59
60
61
62
63
64
65
66
67
68
69
70
71
72
73
74
75
76
77
78
79
80
81
82
83
84
85
86
87
88
89
90
91
92
93
94
95
96
97
98
99
100
101
102
103
104
105
106
107
108
109
110
111
112
113
114
115
116
117
118
119
120
121
122
123
124
125
126
127
128
129
130
131
132
133
134
135
136
137
138
139
140
141
142
143
144
145
146
147
148
149
150
151
152
153
154
155
156
157
158
159
160
161
162
163
164
165
166
167
168
169
170
171
172
173
174
175
176
177
178
179
180
181
182
183
184
185
186
187
188
189
190
191
192
193
194
195
196
197
198
199
200
201
202
203
204
205
206
207
208
209
210
211
212
213
214
215
216
217
218
219
220
221
222
223
224
225
226
227
228
229
230
231
232
233
234
235
236
237
238
239
240
241
242
243
244
245
246
247
248
249
250
251
252
253
254
255
256
257
258
259
260
261
262
263
264
265
266
267
268
269
270
271
272
273
274
275
276
277
278
279
280
281
282
283
284
285
286
287
288
289
290
291
292
293
294
295
296
297
298
299
300
301
302
303
304
305
306
307
308
309
310
311
312
313
314
315
316
317
318
319
320
321
322
323
324
325
326
327
328
329
330
331
332
333
334
335
336
337
338
339
340
341
342
343
344
345
346
347
348
349
350
351
352
353
354
355
356
357
358
359
360
361
362
363
364
365
366
367
368
369
370
371
372
373
374
375
376
377
378
379
380
381
382
383
384
385
386
387
388
389
390
391
392
393
394
395
396
397
398
399
400
401
402
403
404
405
406
407
408
409
410
411
412
413
414
415
416
417
418
419
420
421
422
423
424
425
426
427
428
429
430
431
432
433
434
435
436
437
438
439
440
441
442
443
444
445
446
447
448
449
450
451
452
453
454
455
456
457
458
459
460
461
462
463
464
465
466
467
468
469
470
471
472
473
474
475
476
477
478
479
480
481
482
483
484
485
486
487
488
489
490
491
492
493
494
495
496
497
498
499
500
501
502
503
504
505
506
507
508
509
510
511
512
513
514
515
516
517
518
519
520
521
522
523
524
525
526
527
528
529
530
531
532
533
534
535
536
537
538
539
540
541
542
543
544
545
546
547
548
549
550
551
552
553
554
555
556
557
558
559
560
561
562
563
564
565
566
567
568
569
570
571
572
573
574
575
576
577
578
579
580
581
582
583
584
585
586
587
588
589
590
591
592
593
594
595
596
597
598
599
600
601
602
603
604
605
606
607
608
609
610
611
612
613
614
615
616
617
618
619
620
621
622
623
624
625
626
627
628
629
630
631
632
633
634
635
636
637
638
639
640
641
642
643
644
645
646
647
648
649
650
651
652
653
654
655
656
657
658
659
660
661
662
663
664
665
666
667
668
669
670
671
672
673
674
675
676
677
678
679
680
681
682
683
684
685
686
687
688
689
690
691
692
693
694
695
696
697
698
699
700
701
702
703
704
705
706
707
708
709
710
711
712
713
714
715
716
717
718
719
720
721
722
723
724
725
726
727
728
729
730
731
732
733
734
735
736
737
738
739
740
741
742
743
744
745
746
747
748
749
750
751
752
753
754
755
756
757
758
759
760
761
762
763
764
765
766
767
768
769
770
771
772
773
774
775
776
777
778
779
780
781
782
783
784
785
786
787
788
789
790
791
792
793
794
795
796
797
798
799
800
801
802
803
804
805
806
807
808
809
810
811
812
813
814
815
816
817
818
819
820
821
822
823
824
825
826
827
828
829
830
831
832
833
834
835
836
837
838
839
840
841
842
843
844
845
846
847
848
849
850
851
852
853
854
855
856
857
858
859
860
861
862
863
864
865
866
867
868
869
870
871
872
873
874
875
876
877
878
879
880
881
882
883
884
885
886
887
888
889
890
891
892
893
894
895
896
897
898
899
900
901
902
903
904
905
906
907
908
909
910
911
912
913
914
915
916
917
918
919
920
921
922
923
924
925
926
927
928
929
930
931
932
933
934
935
936
937
938
939
940
941
942
943
944
945
946
947
948
949
950
951
952
953
954
955
956
957
958
959
960
961
962
963
964
965
966
967
968
969
970
971
972
973
974
975
976
977
978
979
980
981
982
983
984
985
986
987
988
989
990
991
992
993
994
995
996
997
998
999
1000
1001
1002
1003
1004
1005
1006
1007
1008
1009
1010
1011
1012
1013
1014
1015
1016
1017
1018
1019
1020
1021
1022
1023
1024
1025
1026
1027
1028
1029
1030
1031
1032
1033
1034
1035
1036
1037
1038
1039
1040
1041
1042
1043
1044
1045
1046
1047
1048
1049
1050
1051
1052
1053
1054
1055
1056
1057
1058
1059
1060
1061
1062
1063
1064
1065
1066
1067
1068
1069
1070
1071
1072
1073
1074
1075
1076
1077
1078
1079
1080
1081
1082
1083
1084
1085
1086
1087
1088
1089
1090
1091
1092
1093
1094
1095
1096
1097
1098
1099
1100
1101
1102
1103
1104
1105
1106
1107
1108
1109
1110
1111
1112
1113
1114
1115
1116
1117
1118
1119
1120
1121
1122
1123
1124
1125
1126
1127
1128
1129
1130
1131
1132
1133
1134
1135
1136
1137
1138
1139
1140
1141
1142
1143
1144
1145
1146
1147
1148
1149
1150
1151
1152
1153
1154
1155
1156
1157
1158
1159
1160
1161
1162
1163
1164
1165
1166
1167
1168
1169
1170
1171
1172
1173
1174
1175
1176
1177
1178
1179
1180
1181
1182
1183
1184
1185
1186
1187
1188
1189
1190
1191
1192
1193
1194
1195
1196
1197
1198
1199
1200
1201
1202
1203
1204
1205
1206
1207
1208
1209
1210
1211
1212
1213
1214
1215
1216
1217
1218
1219
1220
1221
1222
1223
1224
1225
1226
1227
1228
1229
1230
1231
1232
1233
1234
1235
1236
1237
1238
1239
1240
1241
1242
1243
1244
1245
1246
1247
1248
1249
1250
1251
1252
1253
1254
1255
1256
1257
1258
1259
1260
1261
1262
1263
1264
1265
1266
1267
1268
1269
1270
1271
1272
1273
1274
1275
1276
1277
1278
1279
1280
1281
1282
1283
1284
1285
1286
1287
1288
1289
1290
1291
1292
1293
1294
1295
1296
1297
1298
1299
1300
1301
1302
1303
1304
1305
1306
1307
1308
1309
1310
1311
1312
1313
1314
1315
1316
1317
1318
1319
1320
1321
1322
1323
1324
1325
1326
1327
1328
1329
1330
1331
1332
1333
1334
1335
1336
1337
1338
1339
1340
1341
1342
1343
1344
1345
1346
1347
1348
1349
1350
1351
1352
1353
1354
1355
1356
1357
1358
1359
1360
1361
1362
1363
1364
1365
1366
1367
1368
1369
1370
1371
1372
1373
1374
1375
1376
1377
1378
1379
1380
1381
1382
1383
1384
1385
1386
1387
1388
1389
1390
1391
1392
1393
1394
1395
1396
1397
1398
1399
1400
1401
1402
1403
1404
1405
1406
1407
1408
1409
1410
1411
1412
1413
1414
1415
1416
1417
1418
1419
1420
1421
1422
1423
1424
1425
1426
1427
1428
1429
1430
1431
1432
1433
1434
1435
1436
1437
1438
1439
1440
1441
1442
1443
1444
1445
1446
1447
1448
1449
1450
1451
1452
1453
1454
1455
1456
1457
1458
1459
1460
1461
1462
1463
1464
1465
1466
1467
1468
1469
1470
1471
1472
1473
1474
1475
1476
1477
1478
1479
1480
1481
1482
1483
1484
1485
1486
1487
1488
1489
1490
1491
1492
1493
1494
1495
1496
1497
1498
1499
1500
28582
17770
1027
27004
29297
5092
327
28638
15364
6974
20540
8236
28369
26100
15367
6474
27963
20396
26942
1734
10408
26628
15772
14779
26327
29325
28666
18677
29044
10263
21626
31829
25577
7472
14598
1911
2936
29159
26105
22419
3462
11990
5915
30881
18490
29535
211
21953
8519
22837
13720
22745
14086
12574
32681
11648
10184
31992
766
11035
25450
19194
15230
10821
15146
22077
11122
18805
9144
4219
20026
25818
23953
30998
9022
17802
30600
25948
25896
19420
24485
7689
16721
6418
30259
30221
9080
31804
22293
16016
27066
9817
19801
15412
5310
27070
9488
410
18481
2236
20316
21287
12146
22397
3274
30728
6798
13615
4578
7283
26478
8292
23037
10544
2895
27321
7255
13401
20595
20406
5989
28510
7190
29430
9833
13899
20644
2440
21827
9294
8233
12948
26250
20852
25353
17218
32731
7603
18161
2519
28785
11565
27149
19490
17910
31155
13948
1302
9113
7560
4609
9656
3937
15208
13819
23868
10689
10185
17303
11370
876
14177
26692
18503
1386
22248
9831
4082
8044
20511
5712
6604
12381
24593
13165
7131
23865
665
2494
13169
18978
5924
22409
20488
27057
17080
30543
17777
22154
13110
9726
18734
27443
10204
31080
24348
3110
25357
6900
31061
22564
26965
6804
20308
13005
12712
28151
12378
23918
10986
28671
21777
4634
15029
29813
29807
21756
6486
17404
8158
28651
12056
5187
10906
19519
22214
20607
8282
7907
10603
17945
3890
6828
14172
2467
10424
7401
21112
10257
32358
2108
19887
30758
23871
16808
21953
8236
3253
1002
18248
9192
29899
32013
9721
3789
28535
27193
6439
3696
18762
9676
4488
4412
13650
23467
31804
15719
14400
22491
9995
21540
20166
9035
14831
21787
21315
25332
27090
30230
26274
11556
18584
17149
24703
18711
22112
31236
2700
3272
14343
30755
11060
19718
14062
18887
9086
5066
28158
13255
9267
4296
18409
18585
15939
30788
12978
24006
21093
17447
11375
30107
9214
2898
3406
28961
4932
25394
13014
7760
17059
32661
28783
30336
11104
1212
26917
8480
25980
16305
13993
3754
9947
14555
408
16342
15781
21711
28416
3343
2541
30569
1825
547
14992
23836
31088
8766
20832
7814
25058
10265
12930
4679
29542
5743
17173
276
11187
11441
23316
24583
29765
5114
3710
1337
21666
22597
4532
2707
6626
478
15650
21217
5998
25366
29729
25896
25864
28219
29468
4666
15884
10183
18674
6279
26101
2264
32668
14902
13858
26080
14352
31093
14555
11678
15717
28429
30095
5197
21303
28473
21087
32539
17229
28856
12001
17372
28281
27169
7197
4352
25792
6519
21980
4546
18619
27133
24867
8867
573
27723
29690
10775
1079
5282
2673
27006
10712
13181
19685
23125
28408
23656
11136
27566
1974
12053
21247
13277
7008
13997
24248
27253
9876
21348
27611
15987
18597
25168
29176
23736
64
6011
1217
15037
6992
15927
25362
31106
24094
21425
30510
29895
9661
12233
11340
21119
2469
12321
15698
9858
16542
6516
24800
32386
19680
9002
30352
27200
13176
24873
6524
21503
17133
32749
15361
15673
11556
1755
12483
13202
30849
5330
17649
4618
3151
19204
20427
25206
23650
23044
23393
29489
30714
25887
19101
29967
32747
12272
8323
13714
18427
18991
19640
18785
10124
11722
8513
15093
15739
823
21902
4502
11079
8
15031
17542
2934
5056
1285
28284
10036
22245
20148
21843
12094
28758
14327
6660
31742
25823
18493
9426
6391
1291
29875
8644
8036
27961
28682
8536
9244
19442
10106
12662
15545
25210
4359
675
24569
29605
12035
28023
9573
5356
27860
27729
10288
5568
14583
23881
4449
28959
69
8294
3381
32100
28277
26130
12222
20067
6115
16842
3281
32181
28815
21786
1823
19793
13417
9929
6818
22620
9420
31313
9787
17987
16200
15249
30873
13318
20900
21190
9308
18391
3875
29880
24442
8931
2823
17201
29154
9584
15444
20915
30560
14632
28374
25194
30913
5556
17765
28512
8247
13197
12648
21488
3327
24847
920
10877
2624
11728
31239
12900
11575
8239
28512
21038
7825
26928
3952
2571
4888
2695
13541
27260
14226
8946
21590
25423
5094
21708
6276
32464
10625
31456
5088
23870
20728
8059
11085
1148
6895
27077
7718
22537
14393
30032
20355
19762
11585
18418
13496
12166
21672
22992
3359
2443
29999
25532
18200
1455
28376
26561
13901
23425
17224
10235
32571
7457
32112
32684
23534
30965
15468
21133
7691
17310
26027
1634
4628
24107
16977
15057
10216
19596
3033
13172
1161
4169
11263
10285
24866
7028
13277
28602
23369
28636
20052
14473
6785
16003
12717
17357
28419
6994
21632
22225
19902
6412
27093
22156
19868
24961
26762
16759
2567
7684
8693
31643
3756
17438
11209
8430
12414
6788
8510
20959
30718
2631
32620
11824
186
4171
8440
29188
29204
25338
7411
26937
30021
8249
3327
11511
19618
6043
32436
24457
28701
1237
5186
23148
21262
20083
6231
678
14132
7369
2371
14169
12534
23851
24410
3736
16623
1377
4761
21625
9898
11093
9101
108
20650
17679
11121
5323
3502
9443
14231
7346
25395
1513
29705
15376
11577
15534
26991
1534
27466
24617
21043
3408
24249
32497
19172
25450
24104
13485
25048
31062
588
13259
18966
5907
4085
6005
13682
23855
17224
4544
6650
1176
24655
18983
26257
20655
11445
57
27354
26526
14026
18062
30296
1259
3533
27135
29395
14926
20331
22806
32253
12992
11907
8132
18005
11221
22316
19282
12108
6475
21497
19098
166
9955
22652
7799
9508
3183
5384
28282
15456
26669
30651
21983
1016
4947
32444
31935
23534
9451
32706
20871
27215
5857
2262
30376
8723
16731
15961
14480
12613
8264
23112
8154
6756
5948
12479
29633
32008
10107
23996
16603
20936
19540
38
14340
7516
29104
9742
31127
24319
14570
20020
8421
15895
32737
8909
9183
15128
24140
20867
23318
26534
3406
9406
17894
27130
27979
16930
24301
20358
7673
12889
5314
29404
23738
5650
15076
30924
7465
11337
1777
10444
4082
3529
28185
9374
3048
16880
30417
17196
3409
4275
21196
4791
16260
13793
21799
17968
17591
22956
6372
4582
12306
29285
27545
15202
26120
29575
20585
24719
22246
28151
12084
14879
18348
1418
1035
23849
7453
24520
8935
16407
23826
28656
25498
1727
23059
17468
18949
22992
15656
14437
32396
19824
25069
12650
10951
6947
14565
18062
3706
13039
9232
31647
24776
26558
448
28798
20899
15107
22952
10716
16263
2976
24630
22338
30056
11272
17443
14932
1257
9120
31304
4950
4302
8044
31667
14063
7092
21991
10746
12589
12031
25138
19919
6602
28181
23153
25557
32174
27082
9587
11186
436
18458
21393
11622
8881
5150
32472
10459
14003
19001
30314
9148
4998
29843
14625
2443
32381
27592
886
4590
18798
4065
29857
24906
16639
3459
3842
6035
20512
870
6080
16739
31961
7177
6576
24393
8774
28580
3960
30563
3040
16991
30964
25903
22013
29377
24536
23454
14235
11371
3991
19818
6489
13062
1156
12202
7622
22906
22071
19108
32478
31072
8499
3298
25810
32443
13254
5256
6664
23522
560
25316
16483
31169
9735
28231
27588
30785
27865
1555
17873
21253
14868
15638
7925
15959
16419
19990
4263
20578
21722
11949
5360
19105
25876
17496
14119
6039
19354
28618
16896
20673
3911
25222
3781
24777
19562
29356
23010
5628
19820
24851
16551
14590
5811
17817
19530
31676
27077
5559
11819
21667
945
31065
4444
6672
6827
25068
9569
29191
24310
6072
17972
27175
775
12656
25997
19421
3815
10759
6495
217
729
2246
29606
7102
3389
20380
1888
22814
22452
9141
16089
11429
12165
25677
26412
11924
3391
9159
5383
32113
16288
14073
18094
26621
15798
20171
26435
29543
25668
20480
5956
4543
8807
23891
24149
7341
22905
18374
10816
26723
29750
22839
16186
720
31005
11572
32104
29463
7193
3088
8097
3391
4961
31798
22390
11820
13213
32190
27247
29646
5962
9278
13464
17816
21855
739
13372
16692
2865
7872
753
24437
15764
23397
24532
25997
21827
5556
12054
30336
14978
24816
4792
22744
21505
6679
146
17563
27908
17778
31130
19834
18113
27242
18019
15691
22793
24989
23780
29369
1579
18737
21371
6202
17942
4968
1330
18242
3261
25461
19264
27575
28608
11407
28627
31652
20296
18243
15884
22321
1586
28942
21323
25811
25969
27179
5550
15808
32429
9642
29652
32422
560
16322
20967
4252
13315
11880
18393
32345
15444
24608
5357
10659
22299
15636
27770
29963
9982
15971
32748
13784
12145
4027
27147
577
14881
28458
24448
12255
11155
16177
18580
5729
2824
32539
10300
27266
16805
7564
29779
17720
21712
22877
17190
11054
8157
9383
29237
10357
20714
15902
10808
21623
11527
29857
25697
21036
24475
18703
21729
8336
22787
25179
24237
20308
123
2019
29826
27603
15682
5629
2854
14921
6905
8403
242
3903
3404
14706
7821
23882
5845
2333
5370
19189
22333
14055
7381
25852
17573
19329
6873
16571
5188
1872
28070
8933
5713
24258
18625
32377
2339
4323
16605
24562
10135
3115
27993
6335
30386
5530
17161
16114
5767
26120
3129
21820
6747
12726
8687
12057
11272
20008
19057
25928
32415
27191
24839
28286
21585
3170
11010
12379
7056
19301
32253
7325
26481
29965
7011
11924
18261
5962
25906
23766
16840
8070
20478
21299
30377
1077
13880
2283
11404
11437
28848
1823
19804
2872
22617
29574
5701
7528
5452
13153
32464
18091
24336
15025
6992
14623
4633
23463
32382
24744
16014
10844
24160
1087
5200
18626
111
