1909
24732
19366
17336
6622
24202
29848
6634
30832
8861
32581
4723
28015
12055
440
21690
1521
4803
27995
29464
5954
26832
24437
2374
13190
2783
23282
7953
20896
10587
20323
9045
11347
15881
4421
4904
7335
3296
10118
8534
29583
10010
4677
29198
5832
9355
28378
16090
25860
1842
7446
30420
9544
32014
18891
12056
1427
29746
655
30581
27840
13596
14014
26472
9133
30531
18878
30538
6557
9199
6791
31176
18395
15181
9314
18836
30881
4035
7408
32602
30007
19329
13167
17398
24415
29785
21817
4836
14833
25040
7053
247
25795
22901
18066
23374
4043
17777
27033
12933
27016
14688
11427
9768
3229
14687
18211
1133
28864
30566
6149
4642
25298
31449
32494
3812
18511
26201
23238
18834
12777
20448
20852
22785
368
24333
17640
19697
9973
9660
6495
27456
14639
26330
12514
19806
27934
16248
16400
29185
12525
26141
24606
5914
28189
29793
540
28679
14048
28343
10106
3082
25283
32395
970
250
24208
4749
27591
11832
13171
22860
13719
11237
2395
18950
28237
14930
10403
12222
2226
17848
16114
27280
26949
21034
27488
23362
29568
25543
21978
11547
31837
14132
21959
29176
17945
24138
27627
17564
26936
5387
5004
25928
20169
25307
11988
1163
8171
23533
4727
12380
20112
5883
29846
5990
7041
11066
17122
5795
15779
19085
9220
17708
3704
19448
10301
29264
24552
14936
27977
18915
24386
15186
14730
4824
10622
25226
21090
15379
29893
17685
4577
11128
29491
24880
32672
840
21211
11826
28908
20909
32523
26815
29735
24211
1746
28479
2924
3002
19648
17038
31346
31497
25581
32501
11187
28454
15932
24922
28877
6723
4065
11443
8744
20283
3105
961
25049
18653
24409
2810
1478
31623
2626
26311
27915
9464
627
27119
17565
3679
15400
2131
32557
13495
321
25053
1104
19287
14734
31155
23260
19653
2121
28080
21141
3532
25316
16916
28937
1742
1286
5498
9656
18267
26064
20747
2424
18433
4708
10482
11544
3686
4520
271
15172
22421
13639
2544
29096
15510
31737
10749
13657
1345
26885
1778
18032
7507
29956
17299
22264
24514
31719
17819
2314
11342
19515
6133
6198
31577
15276
15662
12837
25592
25800
1579
17021
18506
29190
16663
13829
7177
6663
21664
30986
31070
12571
7011
13569
30714
29703
5028
4461
31330
28678
14147
31747
25994
11277
4075
15372
30374
30547
23437
21772
11069
273
21773
31905
28543
7558
30011
10157
1752
23615
16388
29367
25285
21397
29162
27023
23527
17783
8625
29233
342
362
10843
24300
29239
10189
29015
27588
30097
12898
23798
11028
17500
26122
3870
9592
14811
4560
14402
12521
24108
16169
5777
17194
32542
14202
30062
17252
19266
731
16673
7949
9029
17435
716
9741
5500
5636
22688
29220
14273
19936
15952
23942
21374
18236
14790
19657
6151
7403
16406
20481
18221
29518
26288
24362
4112
14291
13529
13766
3124
31164
10588
4550
4823
16418
18556
22958
22146
313
17966
28149
223
7893
8325
10666
16586
3117
15982
22110
32426
223
26269
5949
11010
23861
8903
3966
23363
9127
25362
18430
10469
11169
30154
6183
1717
29062
10069
5655
113
10228
7785
20990
6290
28234
18556
24776
14441
20583
27260
31229
26221
29621
10689
11493
14036
5479
8512
28911
10848
15870
22273
5459
28540
19986
9683
21495
14727
18511
28478
2960
8816
31934
10681
25865
19075
31045
7965
26664
10882
25458
28506
17263
19448
8052
11112
19264
23498
26730
7297
29765
19215
15841
2958
19727
29217
19095
7391
15101
27124
10373
5150
32352
4007
9757
5254
16860
26201
28881
12624
14610
19262
18644
25198
4731
12274
8740
12668
16535
20237
22216
13044
24136
3831
20054
8097
12920
1790
16057
8790
5890
23205
27185
11743
18128
24383
32411
28472
22337
16317
31219
12285
24781
4805
14359
15650
6891
5892
3534
9700
28466
2500
5384
26367
18367
19393
3688
22050
7384
18488
31743
24992
1486
21058
22875
30824
20776
27744
5312
11831
26621
11863
11701
28684
162
15678
7362
23773
25734
2517
26745
5768
19801
18712
2995
7948
7540
23316
4380
5625
30581
5114
2034
27173
31017
7026
13833
21409
7600
22065
11027
10731
2779
3534
6430
27237
19929
19153
5726
774
19219
5390
11309
13648
25940
3633
22352
9602
8237
6809
23932
27150
16792
3178
7192
12109
14043
1245
13381
17266
16559
32731
14364
7869
10914
15819
15670
15345
4538
32680
30834
21767
32347
18774
18162
22564
21866
7734
18535
10441
25779
27640
28303
329
3720
6064
9724
2177
22699
24876
31766
28611
25199
4229
26211
11539
1561
8693
3846
9622
10636
25576
19078
23623
550
15190
6865
30956
20453
591
25473
15177
21454
13528
13149
11923
1423
24565
18211
12583
19555
1799
10629
9340
16182
29528
5233
22870
12298
8693
30613
3133
1689
17340
18467
1582
11835
949
32209
13712
6923
1958
24869
21353
10821
24289
3823
26834
25075
21345
21783
18601
21449
20757
19608
20869
10061
22396
21709
3055
3899
10610
21484
30927
11815
12106
24784
9252
11876
16156
14843
20472
4389
16224
11739
19348
30946
22460
22604
19184
29437
9243
22879
21101
1190
7679
26969
2758
32508
12312
28159
4420
24180
10261
29969
6194
14719
31418
14357
27537
615
3635
3413
11789
8314
32424
27179
25135
9323
4369
23164
5075
7157
18508
4483
13789
18625
20588
30672
2088
16010
13397
23184
6591
11391
4486
8206
15184
21993
15925
9594
30173
32269
5537
10730
22965
19284
24228
27294
14755
26025
135
21640
9829
21539
31259
28427
15967
24036
20229
25604
9617
29249
24410
18695
14791
23587
23916
3563
22287
17580
21987
13448
16496
18718
32271
13759
217
10233
15484
14267
22616
18788
8135
31095
2444
9934
14257
6016
7005
21973
1138
3581
25322
14951
28752
7148
27075
9255
1903
27566
1113
23314
25067
9414
11443
24418
29732
19166
30050
24754
14681
3594
10422
12388
27769
28753
26674
13120
17205
25706
24638
5725
24410
18883
25628
19269
27230
27080
1565
3924
3896
23137
21
609
18037
27068
12
4257
10377
30542
11574
13255
14947
24084
31014
20336
26692
21535
4414
11455
8912
25423
1130
22852
21094
24415
28942
27939
5293
32033
20284
31858
30831
28427
11051
14306
11179
10995
25572
162
20453
15639
16959
29568
26817
19552
31758
12114
6352
13288
30616
23188
8362
21945
25417
11346
21565
2776
30119
31817
31332
21634
27016
7753
19132
12981
2690
3293
32179
17394
26020
10030
8929
4674
29283
1573
12700
12663
18391
11472
1990
4788
12840
6151
19178
12591
15427
29007
24455
31798
465
26878
27308
8816
23913
31648
4549
8806
18180
9882
27829
17473
30386
20493
24101
24789
8076
26109
17947
6623
22250
30899
17102
26507
31702
21599
29625
7994
12992
24066
29422
22401
18803
14219
30893
19829
5959
28480
23861
12070
11672
15968
27866
28521
27768
6919
16984
1755
20385
8529
7015
17954
1965
6082
23439
7542
13194
4838
12606
32097
20008
31796
4376
13506
9332
56
31630
28696
26506
10226
16562
15869
12070
8569
13897
15601
92
31715
5154
22105
11402
23145
27303
10951
7306
25287
26546
4988
23596
27362
23970
23852
31203
10669
16557
8193
3774
28493
3704
22754
666
10364
21476
10228
24727
12587
17707
22625
20424
14955
7213
5465
1071
18317
12548
28759
15336
1672
222
7334
7332
1948
5900
1059
1369
6197
3158
6468
10296
17682
4242
2649
224
18342
12917
14866
31441
25279
22952
8514
23587
29285
10014
32226
18552
13061
12198
29529
28719
975
17596
32763
16346
10332
16293
27599
9202
19860
699
5269
13514
21967
9477
15111
24258
12346
31754
13664
23229
16253
30695
11035
2773
5018
1440
15869
3917
31512
27572
17493
10182
12130
21748
30851
13494
8298
32148
16823
27927
9105
13955
31227
7260
2507
13048
21876
31913
24830
21582
20196
323
25772
26641
15732
9542
25042
3161
30641
4758
4624
11862
10196
13591
12809
22317
13638
3617
22285
15106
26467
23598
18422
15958
9599
27350
23887
26004
30758
7934
11452
25318
12200
4940
917
13901
21461
22750
29909
5105
16646
12347
32307
1206
5725
20105
2190
29967
22861
769
18318
9751
29276
20641
15497
13534
26407
20512
24739
11264
30119
28199
14906
21373
29876
22974
24961
12996
7623
14085
14442
30993
9220
27172
22986
16377
15480
3716
952
23620
31647
28224
309
12538
11305
3542
22291
14528
765
8227
14351
14693
21631
30350
1089
21945
12046
16771
22454
29086
32465
13603
27739
7265
7860
26169
21276
30026
31405
29552
18510
15985
10052
20164
10058
4564
4690
15159
16731
27815
12553
21189
7131
1259
20276
10393
22936
7490
25536
23425
21373
19202
3708
11424
9326
25224
8989
28259
11379
32207
25989
24502
20249
20801
23365
18295
28949
17100
22112
25642
31019
30521
7506
1007
22606
18873
21584
22706
23817
25025
3026
23714
22045
23320
6223
23268
18540
13359
5959
28808
15381
30384
17799
6588
25825
20057
2729
7999
10718
523
24026
30745
20553
798
26592
29578
19889
1784
1627
16192
1370
24286
5194
7628
29920
521
7122
24919
5148
32253
21819
32401
27723
16662
5948
19435
10861
29540
7288
16646
12524
20921
16968
19051
27774
16127
9403
1404
28748
32719
15323
30891
7508
21568
24114
7145
22796
25597
19597
17761
5960
12443
11008
20071
15197
553
2858
1195
5255
520
27578
15283
31112
30717
20786
4744
18322
23940
23532
16815
18535
15207
32602
1370
17343
1424
16017
30688
16362
26907
4617
28779
13750
16560
23198
14832
15251
8976
1499
13925
27637
16365
18296
16942
2810
32511
3105
27608
12109
5460
2426
21513
29258
1256
3935
18871
27491
14965
32368
30361
31426
15756
1997
12251
10031
9957
6686
16150
4917
20724
8151
14207
19840
30396
29370
11103
138
13544
10397
21955
17783
8472
7533
3188
7741
27513
24179
3625
23303
16024
23254
252
28380
20856
32097
13595
30587
24546
4999
32704
31882
31996
9636
16995
10736
29725
9350
29230
2432
11232
4140
13233
32727
16247
31693
24279
4231
16962
4893
32536
11637
24992
1227
9201
5503
22790
30286
5521
1634
27726
25825
16854
17883
23633
6092
30071
17933
2487
2022
13699
26915
14862
24664
19722
10294
13082
31907
25369
8561
8300
2021
11500
20851
30518
8536
4192
31732
19550
10779
19111
1964
20689
8245
28479
20848
26650
10967
21285
15007
3379
15329
14406
30396
31131
27304
19766
23644
17064
27638
21796
15683
24863
19283
3086
2506
22274
18819
6961
17284
26537
1104
12740
800
5652
19338
5605
5521
23936
18251
16852
29805
22584
21375
24927
7571
18606
13476
17309
3601
14538
2511
5343
25669
9090
8176
29924
27970
23723
2646
15692
8564
11023
9334
3151
21640
18623
24808
26543
7302
15787
2482
3051
13376
18543
21961
15286
23792
18800
30677
9127
797
25640
2613
9778
10942
19134
31811
9175
26274
26586
25817
5017
24335
23223
24084
32690
11178
31098
20055
14981
1174
19906
17043
24532
3808
16256
15814
30259
18459
25097
8642
17597
21831
5993
5424
12549
14584
32250
2772
14672
13492
23606
19987
24321
22940
32458
14514
5460
3150
15595
30176
2127
11
5869
30327
20470
27925
8978
31359
25535
1627
15520
21492
25157
29272
10550
18120
320
19257
10335
10796
14773
27198
8552
12044
1130
610
25455
28632
15005
20030
11197
11658
28405
21803
26198
24037
21177
2983
23757
28410
31552
21242
18269
25585
7081
7193
29750
12038
1740
12746
30997
27858
3439
28169
8983
25804
3262
24234
6351
29455
16629
7489
25238
16222
12384
24127
19746
25957
17029
31581
23131
29249
22432
32062
13417
23363
29775
26703
22290
20977
21903
20723
25411
6478
231
31453
20716
16476
9443
1980
29457
26078
24004
31006
543
26978
12918
2446
8316
11647
24002
8448
3425
20316
14277
26736
31212
30577
21409
16581
13425
10130
9586
8443
7698
10793
17540
8065
7823
1731
7619
10976
2655
8142
10866
13726
12031
23968
32544
22882
31114
2748
18136
13656
27530
17745
32409
3031
21005
10756
1285
25410
29436
7151
21085
11820
9385
19946
27821
16063
935
28937
27716
2398
15070
11366
9319
31369
4574
16928
17479
25601
13684
1443
1072
17709
28283
1834
13058
29373
15093
6275
14309
24973
32091
3858
23609
6348
13873
26393
29132
3933
31708
11319
10576
30845
9400
19246
11532
17319
22374
12521
21457
21428
30051
23229
48
12615
5087
15343
32746
15464
30412
7286
32680
8559
16949
21763
26348
5412
21969
3135
12360
7204
1752
22867
4558
24967
11285
28590
2503
24767
12349
14338
9128
26307
7807
31376
2369
11886
23900
32422
13368
7201
3001
17254
21430
23728
13362
13768
14944
27516
19122
2019
26761
17372
10304
3432
1701
16834
31004
16751
25601
30107
20747
22902
19890
28534
23023
2470
20940
17769
20634
24153
17108
22832
17380
20186
3959
8472
18939
28011
17019
30748
8187
22669
16119
14669
26559
20859
3263
10871
30710
7160
18723
31233
29305
2890
4057
21525
5340
24711
28727
21249
30530
24079
17061
20189
11638
13402
29267
20590
32312
11252
3879
11083
9429
12485
15354
830
20731
8854
19715
16621
22730
3793
10899
14778
20782
14216
19459
3815
109
3001
24299
2046
24316
29905
28309
27760
6807
7534
8114
8316
20368
5481
21579
2386
27752
30484
19450
31865
29596
29120
5209
15982
4033
23939
23995
21646
11731
15416
2074
11829
4555
19398
31825
26920
6511
3494
9611
13616
8558
26527
7932
6920
16556
16852
27087
10873
19931
17921
16223
21444
25419
9218
21417
28736
21763
32661
7170
15940
19728
27488
28165
21575
541
5430
2768
20294
15428
1942
27248
16487
7204
9332
23449
7643
22580
15676
19354
15112
25686
27669
19089
3048
14256
4707
8155
14252
9399
8335
719
16038
30604
2826
19372
14181
20108
4239
12495
26402
24867
13737
25642
14683
10464
6518
9457
23229
8399
1962
6550
31559
3843
27606
1528
31661
3186
2539
12760
2554
16134
8186
5004
29050
31216
21821
4855
8663
14400
6747
30904
12674
9650
24296
23970
24404
10699
16427
11884
22390
10533
5413
6058
16254
28936
31694
28156
19930
313
19362
26246
28786
10263
4444
13216
18057
9443
30722
22990
29156
17504
17185
20722
815
11164
15962
17856
1436
17677
17949
3955
28109
991
19893
11710
28660
29069
1669
25350
313
14767
3217
16078
2140
10259
15424
11379
411
19726
5472
23065
6614
15380
20330
3045
1265
6279
775
12141
4986
25805
3284
17260
19339
18341
3426
26555
2290
15291
10882
10620
26768
23930
30143
24472
767
19233
7211
11117
14968
19225
17247
29120
8179
11398
14269
24569
13199
5660
20472
20879
1077
14131
10711
10689
29304
3870
9269
30087
6848
16057
14925
27080
10920
6210
9268
4557
9636
24938
24743
16886
23783
31659
3079
8875
7812
26331
10402
26518
24531
20994
15412
1807
26390
11881
26286
1496
14428
30963
22069
11019
18854
11696
15470
12368
16969
6576
10489
16979
18835
32533
27963
25974
10417
16236
28001
4803
17360
62
673
8484
11907
32225
21187
20182
24421
148
16609
32539
18175
10188
23403
47
19948
32712
27501
28030
32314
5483
2325
532
23572
31819
22896
28501
12702
31494
22900
3054
21025
20949
23107
28427
6248
20323
4782
19403
9322
10207
27128
8432
7209
16975
24541
4316
29657
28712
13779
30137
325
17180
15760
1527
24175
30004
28876
7419
24438
5918
13896
31765
8125
30920
30735
6067
27210
46
28412
17621
364
25200
18300
23233
2465
29479
917
7416
7094
32249
15912
360
16944
24171
13171
9955
26091
18935
13017
4048
28161
95
24038
29985
5869
22080
22670
17797
17649
19946
20149
9438
21941
12911
29429
32757
13616
26874
23195
2156
14795
27746
23282
11509
3012
9983
19397
25026
7121
7869
21279
19773
27911
10094
7765
11512
13817
3941
11334
1767
7460
31296
3298
31437
5259
24069
14825
18420
6302
22129
27893
23329
22112
17036
5819
30919
31945
24705
23438
22395
15721
23469
14629
16040
16463
246
14749
32132
3881
3422
22465
20034
15277
19159
30858
31114
17719
28506
7650
20006
435
29235
13997
16638
3517
19359
12298
18758
2055
21144
11222
19702
7163
11504
115
12666
8098
1437
26055
25771
18629
32084
29575
29183
15698
2393
21685
30716
768
13461
21607
4595
4662
30441
10187
2538
4138
5826
6504
26330
29766
18669
31142
11035
7375
685
30865
22300
5832
12811
19674
1111
7444
20590
19486
11396
4828
875
22635
28941
32048
16350
18177
30403
16369
9018
9301
10703
8686
30493
31068
32235
23629
4904
30213
32466
14637
4365
9480
17652
1417
1769
3294
8815
23135
15317
25104
7227
274
2743
11957
932
30478
26463
4918
17406
21674
14799
1109
14484
6994
985
10862
7905
12005
1264
17916
30979
32348
20536
15710
29804
8109
2271
14300
10459
25326
14512
27109
17290
8382
29925
30362
29353
18401
17725
2705
9484
28202
335
5074
29217
26782
6174
15142
15908
11990
30189
658
28310
3493
31829
11550
17131
27899
16532
21466
9603
11529
1064
19491
2267
24230
7069
17187
9477
23282
14243
12951
10581
32313
17507
4821
13918
2586
21267
28173
13340
29416
16840
14543
22643
7248
5516
5069
29144
18748
15025
23267
19023
17144
8037
9556
13973
31635
23686
6999
9630
12169
24759
17618
17474
19102
20915
13669
2355
5133
6113
14762
15666
26082
18473
27067
21378
29605
24583
17653
9885
25656
2013
15100
27943
17154
20366
17919
31520
3150
6472
31294
9053
22765
9889
11977
19769
27939
31718
9098
4744
11969
3503
18565
31180
18062
27831
2655
8364
28907
25579
18461
27297
16823
15553
22063
2035
24433
7627
12973
26852
31132
14220
20192
28970
32360
13194
4612
32675
21390
6564
31052
7749
5756
8102
31015
28244
10162
5915
962
9431
1388
28003
22734
11084
14721
29189
643
14491
24203
22342
9189
30281
72
8442
31814
1518
23360
30106
17420
31465
16296
1431
18100
7250
7047
31982
24087
816
28695
13053
13036
26860
13934
3220
26255
14854
30557
17488
2561
16647
6809
3364
1583
32183
12568
17209
22903
31887
16062
7928
20072
17009
18233
7781
4041
8343
8746
6318
15837
1226
23173
12291
26854
6612
7482
5545
5352
19511
31509
21578
10927
1823
482
5264
31251
15766
28886
4082
12667
5111
3114
9677
28320
15781
21513
18102
19604
25340
8876
10767
4866
9096
30148
472
27319
2165
26392
8392
15201
31559
6255
18076
5783
5324
5808
1712
21530
22606
30792
31948
17243
12044
15052
17472
5693
14316
9183
25907
26907
16234
10583
11320
3085
29652
9371
8226
29031
10681
21839
2586
25987
17567
30516
17390
29633
6132
28489
16556
7371
21575
21559
880
16926
21688
21995
30842
27334
24749
18565
25731
17768
13767
22129
24145
2950
28181
7635
1674
10751
5767
15657
29126
21205
2469
4908
30951
23603
25216
13814
25517
4271
7145
25962
8581
21708
12258
31953
1186
17859
19282
10177
13135
13699
27133
24131
17284
10230
28338
27700
13495
13702
3014
2028
15348
30432
4034
15390
5680
24055
27225
10495
21723
8268
32157
24747
22708
5742
3954
25284
28385
13500
28482
31580
17471
370
9202
2325
8951
11236
13845
28294
11858
10500
27232
13025
4302
31018
94
5587
20593
31509
18789
6828
15709
28717
11209
20160
11941
5642
26191
20237
351
31034
10213
20766
3578
25919
20368
13103
2002
5592
26789
22417
31490
3458
14140
20304
23673
13629
26850
6164
24657
10643
15758
28997
2652
22743
15575
3186
11519
22187
19299
7412
19011
2244
13475
2766
2857
4338
31933
19672
16702
6234
3786
11805
9840
24582
6978
641
20256
15009
15028
3751
632
21371
10427
10001
27903
26324
11053
19081
24938
20310
31125
15296
7094
3299
14564
24118
14963
10385
24419
23129
25187
6643
5356
19697
16451
4507
25434
1467
23785
19676
19262
6484
30607
22229
4308
19033
23151
23210
21813
3533
23952
27413
20429
11963
3039
25374
15376
21788
7809
17446
20329
29690
17000
13610
19315
25302
23588
1862
108
9800
15868
25464
21479
11237
1086
1447
8128
32101
3027
10468
32085
12038
14102
2287
20723
3371
29927
7421
10639
19785
15866
28600
18615
17923
31861
14472
26312
29332
4539
6673
1888
17774
28290
10749
29206
3616
28972
9723
9065
30333
32340
31239
18935
23291
1959
31725
9200
601
29941
8
20681
30853
9095
11088
27445
4284
28596
9876
32593
21235
31919
5891
12574
22646
11939
32753
10037
23503
2818
29144
3510
32745
29466
10909
17794
4725
27881
2837
5034
19853
28210
1480
25895
23703
24016
27381
31435
10349
16203
