1
2
3
4
5
6
7
8
9
10
11
12
13
14
15
16
17
18
19
20
21
22
23
24
25
26
27
28
29
30
31
32
33
34
35
36
37
38
39
40
41
42
43
44
45
46
47
48
49
50
51
52
53
54
55
56
57
58
59
60
61
62
63
64
65
66
67
68
69
70
71
72
73
74
75
76
77
78
79
80
81
82
83
84
85
86
87
88
89
90
91
92
93
94
95
96
97
98
99
100
101
102
103
104
105
106
107
108
109
110
111
112
113
114
115
116
117
118
119
120
121
122
123
124
125
126
127
128
129
130
131
132
133
134
135
136
137
138
139
140
141
142
143
144
145
146
147
148
149
150
151
152
153
154
155
156
157
158
159
160
161
162
163
164
165
166
167
168
169
170
171
172
173
174
175
176
177
178
179
180
181
182
183
184
185
186
187
188
189
190
191
192
193
194
195
196
197
198
199
200
201
202
203
204
205
206
207
208
209
210
211
212
213
214
215
216
217
218
219
220
221
222
223
224
225
226
227
228
229
230
231
232
233
234
235
236
237
238
239
240
241
242
243
244
245
246
247
248
249
250
251
252
253
254
255
256
257
258
259
260
261
262
263
264
265
266
267
268
269
270
271
272
273
274
275
276
277
278
279
280
281
282
283
284
285
286
287
288
289
290
291
292
293
294
295
296
297
298
299
300
301
302
303
304
305
306
307
308
309
310
311
312
313
314
315
316
317
318
319
320
321
322
323
324
325
326
327
328
329
330
331
332
333
334
335
336
337
338
339
340
341
342
343
344
345
346
347
348
349
350
351
352
353
354
355
356
357
358
359
360
361
362
363
364
365
366
367
368
369
370
371
372
373
374
375
376
377
378
379
380
381
382
383
384
385
386
387
388
389
390
391
392
393
394
395
396
397
398
399
400
401
402
403
404
405
406
407
408
409
410
411
412
413
414
415
416
417
418
419
420
421
422
423
424
425
426
427
428
429
430
431
432
433
434
435
436
437
438
439
440
441
442
443
444
445
446
447
448
449
450
451
452
453
454
455
456
457
458
459
460
461
462
463
464
465
466
467
468
469
470
471
472
473
474
475
476
477
478
479
480
481
482
483
484
485
486
487
488
489
490
491
492
493
494
495
496
497
498
499
500
501
502
503
504
505
506
507
508
509
510
511
512
513
514
515
516
517
518
519
520
521
522
523
524
525
526
527
528
529
530
531
532
533
534
535
536
537
538
539
540
541
542
543
544
545
546
547
548
549
550
551
552
553
554
555
556
557
558
559
560
561
562
563
564
565
566
567
568
569
570
571
572
573
574
575
576
577
578
579
580
581
582
583
584
585
586
587
588
589
590
591
592
593
594
595
596
597
598
599
600
601
602
603
604
605
606
607
608
609
610
611
612
613
614
615
616
617
618
619
620
621
622
623
624
625
626
627
628
629
630
631
632
633
634
635
636
637
638
639
640
641
642
643
644
645
646
647
648
649
650
651
652
653
654
655
656
657
658
659
660
661
662
663
664
665
666
667
668
669
670
671
672
673
674
675
676
677
678
679
680
681
682
683
684
685
686
687
688
689
690
691
692
693
694
695
696
697
698
699
700
701
702
703
704
705
706
707
708
709
710
711
712
713
714
715
716
717
718
719
720
721
722
723
724
725
726
727
728
729
730
731
732
733
734
735
736
737
738
739
740
741
742
743
744
745
746
747
748
749
750
751
752
753
754
755
756
757
758
759
760
761
762
763
764
765
766
767
768
769
770
771
772
773
774
775
776
777
778
779
780
781
782
783
784
785
786
787
788
789
790
791
792
793
794
795
796
797
798
799
800
801
802
803
804
805
806
807
808
809
810
811
812
813
814
815
816
817
818
819
820
821
822
823
824
825
826
827
828
829
830
831
832
833
834
835
836
837
838
839
840
841
842
843
844
845
846
847
848
849
850
851
852
853
854
855
856
857
858
859
860
861
862
863
864
865
866
867
868
869
870
871
872
873
874
875
876
877
878
879
880
881
882
883
884
885
886
887
888
889
890
891
892
893
894
895
896
897
898
899
900
901
902
903
904
905
906
907
908
909
910
911
912
913
914
915
916
917
918
919
920
921
922
923
924
925
926
927
928
929
930
931
932
933
934
935
936
937
938
939
940
941
942
943
944
945
946
947
948
949
950
951
952
953
954
955
956
957
958
959
960
961
962
963
964
965
966
967
968
969
970
971
972
973
974
975
976
977
978
979
980
981
982
983
984
985
986
987
988
989
990
991
992
993
994
995
996
997
998
999
1000
1001
1002
1003
1004
1005
1006
1007
1008
1009
1010
1011
1012
1013
1014
1015
1016
1017
1018
1019
1020
1021
1022
1023
1024
1025
1026
1027
1028
1029
1030
1031
1032
1033
1034
1035
1036
1037
1038
1039
1040
1041
1042
1043
1044
1045
1046
1047
1048
1049
1050
1051
1052
1053
1054
1055
1056
1057
1058
1059
1060
1061
1062
1063
1064
1065
1066
1067
1068
1069
1070
1071
1072
1073
1074
1075
1076
1077
1078
1079
1080
1081
1082
1083
1084
1085
1086
1087
1088
1089
1090
1091
1092
1093
1094
1095
1096
1097
1098
1099
1100
1101
1102
1103
1104
1105
1106
1107
1108
1109
1110
1111
1112
1113
1114
1115
1116
1117
1118
1119
1120
1121
1122
1123
1124
1125
1126
1127
1128
1129
1130
1131
1132
1133
1134
1135
1136
1137
1138
1139
1140
1141
1142
1143
1144
1145
1146
1147
1148
1149
1150
1151
1152
1153
1154
1155
1156
1157
1158
1159
1160
1161
1162
1163
1164
1165
1166
1167
1168
1169
1170
1171
1172
1173
1174
1175
1176
1177
1178
1179
1180
1181
1182
1183
1184
1185
1186
1187
1188
1189
1190
1191
1192
1193
1194
1195
1196
1197
1198
1199
1200
1201
1202
1203
1204
1205
1206
1207
1208
1209
1210
1211
1212
1213
1214
1215
1216
1217
1218
1219
1220
1221
1222
1223
1224
1225
1226
1227
1228
1229
1230
1231
1232
1233
1234
1235
1236
1237
1238
1239
1240
1241
1242
1243
1244
1245
1246
1247
1248
1249
1250
1251
1252
1253
1254
1255
1256
1257
1258
1259
1260
1261
1262
1263
1264
1265
1266
1267
1268
1269
1270
1271
1272
1273
1274
1275
1276
1277
1278
1279
1280
1281
1282
1283
1284
1285
1286
1287
1288
1289
1290
1291
1292
1293
1294
1295
1296
1297
1298
1299
1300
1301
1302
1303
1304
1305
1306
1307
1308
1309
1310
1311
1312
1313
1314
1315
1316
1317
1318
1319
1320
1321
1322
1323
1324
1325
1326
1327
1328
1329
1330
1331
1332
1333
1334
1335
1336
1337
1338
1339
1340
1341
1342
1343
1344
1345
1346
1347
1348
1349
1350
1351
1352
1353
1354
1355
1356
1357
1358
1359
1360
1361
1362
1363
1364
1365
1366
1367
1368
1369
1370
1371
1372
1373
1374
1375
1376
1377
1378
1379
1380
1381
1382
1383
1384
1385
1386
1387
1388
1389
1390
1391
1392
1393
1394
1395
1396
1397
1398
1399
1400
1401
1402
1403
1404
1405
1406
1407
1408
1409
1410
1411
1412
1413
1414
1415
1416
1417
1418
1419
1420
1421
1422
1423
1424
1425
1426
1427
1428
1429
1430
1431
1432
1433
1434
1435
1436
1437
1438
1439
1440
1441
1442
1443
1444
1445
1446
1447
1448
1449
1450
1451
1452
1453
1454
1455
1456
1457
1458
1459
1460
1461
1462
1463
1464
1465
1466
1467
1468
1469
1470
1471
1472
1473
1474
1475
1476
1477
1478
1479
1480
1481
1482
1483
1484
1485
1486
1487
1488
1489
1490
1491
1492
1493
1494
1495
1496
1497
1498
1499
1500
1501
1502
1503
1504
1505
1506
1507
1508
1509
1510
1511
1512
1513
1514
1515
1516
1517
1518
1519
1520
1521
1522
1523
1524
1525
1526
1527
1528
1529
1530
1531
1532
1533
1534
1535
1536
1537
1538
1539
1540
1541
1542
1543
1544
1545
1546
1547
1548
1549
1550
1551
1552
1553
1554
1555
1556
1557
1558
1559
1560
1561
1562
1563
1564
1565
1566
1567
1568
1569
1570
1571
1572
1573
1574
1575
1576
1577
1578
1579
1580
1581
1582
1583
1584
1585
1586
1587
1588
1589
1590
1591
1592
1593
1594
1595
1596
1597
1598
1599
1600
1601
1602
1603
1604
1605
1606
1607
1608
1609
1610
1611
1612
1613
1614
1615
1616
1617
1618
1619
1620
1621
1622
1623
1624
1625
13474
15078
7010
27781
31751
29870
17759
21198
23984
20079
1838
15975
11530
14893
1494
3858
7782
24643
14415
20400
428
16204
6109
30028
5454
836
10908
3931
1404
22507
7259
19778
27543
14954
22957
32025
25063
3641
24894
26543
32656
31040
16228
11726
20674
19261
26614
2752
7985
29797
25185
8209
7877
20302
31736
11927
21138
16908
29836
24752
15882
31387
22845
2507
13937
19069
399
32554
26770
26019
25281
28134
26289
2193
11610
21043
21184
18878
26884
29669
30934
6713
669
3123
28124
14738
140
30907
1674
8440
20817
8135
14994
10655
26720
27087
18458
29285
7472
29759
11120
18612
143
24953
16121
6314
7224
27166
5995
10359
20647
5002
28732
8967
17708
12189
15451
13794
7743
2497
12061
18000
28179
25896
20858
448
4974
12374
30585
19818
31415
4576
10729
22836
30033
12915
22610
22994
6951
26647
26411
11826
27272
9909
28237
29719
6710
22999
15272
20484
20921
2992
28213
27739
15353
32092
15659
29638
10252
5225
16246
2774
11341
16789
18277
3306
32686
17625
9891
4179
32079
29351
28264
30133
1615
24177
32752
1712
13794
3690
301
26560
7075
7312
2489
24930
28716
26858
7182
17529
30692
16654
16121
28143
2073
8423
19276
11679
25167
28853
16852
5235
22999
25685
15754
28105
30627
24515
22029
26652
4184
1245
1616
12512
165
20074
27536
1965
980
23642
28810
3232
22686
21839
14570
19967
10308
349
24838
22811
25563
526
26060
21115
3047
19370
18681
22838
5676
17333
17805
14753
26049
10424
10363
13098
2406
10053
8612
21892
13335
16437
8454
14597
9186
25652
5169
5708
27381
26752
6139
294
20219
14573
29301
19123
12969
27437
26910
20164
15763
5966
18262
12424
13893
6532
10517
19048
17039
8489
24028
21807
544
12546
30700
2670
14166
29892
23479
17951
29269
4054
25492
27528
29271
18777
27574
4450
12611
14694
23135
14651
19840
23446
30801
5657
17931
10952
11654
9824
15559
10782
30240
9461
13077
32585
9123
5540
29861
519
15970
28863
9356
25833
6967
12808
8342
23386
31095
20177
11997
24797
15653
22370
10650
1430
6502
18331
7484
25612
16181
19163
3255
9261
25688
30496
20511
12179
13971
17263
16757
31493
3867
15734
11201
2369
31309
17008
12384
2808
26528
16201
5792
16411
5593
15362
14730
32341
3966
13912
2047
217
19340
4000
19207
25949
18028
4598
9829
31334
10020
20630
1903
17095
17611
26506
30236
21092
8255
24198
31839
26684
9754
13072
6067
27047
19681
19939
26871
8923
25471
26518
5757
28853
9202
8313
5214
14263
24133
20416
18192
19533
20414
19939
13370
12372
31320
15940
13766
18908
4211
7187
25400
30509
18635
3694
9535
9225
11943
18381
10122
17457
16979
29854
7389
22315
32207
32044
2404
22849
4553
7877
1863
17869
28361
8220
14718
3764
28332
9452
24807
11569
12883
25822
18326
12244
1948
18861
30316
27082
27537
14472
26859
10078
31968
2744
13128
3008
29324
31106
20162
31749
27361
335
51
15216
9901
10
3301
7408
1197
4810
12710
28137
20806
30385
4127
32311
15989
28948
1633
26993
6153
731
9409
1386
2064
27435
13798
6654
32655
15683
3360
17931
6006
3492
3835
13757
32210
31349
10261
3599
17221
4901
9772
12686
7347
25426
10107
16992
27967
9450
5191
1414
11382
23952
22197
2910
31945
27457
17630
16748
1601
17463
28965
20825
26990
28173
21705
28988
24225
28709
2230
2329
21851
17735
161
20903
10244
4234
31827
20567
14304
6520
9029
21649
1344
21357
32366
23105
6133
29760
17497
30098
19466
24101
11130
11257
22195
24786
14018
24182
6016
5601
12401
10519
2518
23670
18220
23485
27296
14369
335
28706
26178
5894
31364
8475
25294
17211
8085
1819
14971
881
23678
24057
31315
11991
28871
22515
31019
14395
24080
8690
23256
29810
9454
32016
21408
8187
17397
4439
16367
26591
11542
24011
25675
31195
9516
27051
27018
24513
16849
6901
26947
10780
31094
22056
7810
11795
31155
19277
3776
23184
14299
5176
16146
26785
28628
2060
18848
27422
1317
26621
26457
396
31313
18778
16869
12865
29284
24778
8667
12233
28875
4822
19765
3465
19304
28071
10753
10146
742
28689
31065
16920
30026
16849
16020
9012
7883
16659
9918
11558
23780
2360
1094
15087
26535
22229
13047
17534
30036
27903
30761
3609
15402
24518
13113
26367
18045
26623
29238
15180
19721
9287
16093
32028
2950
27460
14280
10483
17277
4910
18914
26973
24921
21134
7710
7633
30657
7750
3945
18651
1317
10450
15581
10619
14231
26317
3127
968
8925
15543
12427
23768
7364
14837
2358
11748
13239
1305
27925
21160
29583
23908
13812
14089
27821
21897
8265
2042
12614
11188
21283
27552
15615
25291
9309
1204
31418
244
27927
17706
23727
5975
614
21520
15038
30501
9803
2744
27395
14297
1250
19737
18604
29374
4572
16755
7431
22449
23087
11058
7903
32552
7692
27925
31753
7539
18194
30351
8506
31554
3777
8302
13340
22376
26929
15546
29600
5598
2052
24032
29333
24587
2457
6415
24698
6722
10370
18403
21648
21133
32569
3393
20276
3241
13326
8578
25964
3921
8548
10707
19136
5824
19997
7899
11595
4209
19027
1695
6161
17449
17481
1443
20371
3639
27041
2898
23713
3834
26831
7584
14704
29605
9933
2030
21740
15423
32016
28974
24655
8942
5052
7495
6899
2164
11284
23995
4196
2554
28468
30087
31930
9229
5378
29771
19238
1766
30562
19626
25290
32750
26025
10740
13774
7297
19541
18690
18096
27122
1275
22626
6107
30416
25216
9141
14716
31080
19852
3668
27025
16267
1340
8506
31298
19346
22551
12318
29301
17054
26948
23007
7325
4133
22010
26661
30674
25258
20279
21062
16167
26059
31669
26470
31544
23937
13850
25571
20994
1700
31598
30192
2296
24749
7635
30079
27987
17600
3952
21349
5801
28138
22959
952
14273
22183
5288
26492
29094
4007
29405
31103
23802
29649
13607
17026
15757
23945
6896
22681
5166
16686
8867
28117
705
20711
11873
12831
13970
3488
24822
3175
19689
26959
18187
28415
26079
24188
8348
19265
22895
8448
24237
26744
17104
19469
10553
8702
22018
12654
364
20641
13224
11792
21522
25419
12053
10178
4174
27363
15017
6201
5775
7534
28254
18775
5056
5242
23710
9901
7359
19132
10584
18494
7697
7416
5970
6789
29652
21025
32705
18362
15860
28354
26647
18002
17570
22428
10780
12485
258
1936
25152
19091
7716
23744
6191
22153
1590
16626
21927
8768
20472
12597
8070
27368
8304
26822
1320
32579
21726
13108
14831
17140
2290
10691
27939
30458
19773
24590
21501
27512
8678
17393
6654
32439
2462
13478
11141
3437
18645
5422
3745
14400
9518
24051
15908
8838
14641
29099
15097
3663
12353
14719
18359
31141
32461
19565
629
8466
27338
9707
20705
2915
30816
12237
21132
684
3811
9064
19848
7820
27142
1528
18741
17330
11083
17471
19288
15520
8126
12655
27501
20399
3555
27978
12351
30292
8173
30088
27573
6561
15920
26233
2287
30735
28121
12011
145
6266
2013
15182
26463
28269
23599
23574
19211
5024
5430
27489
20810
15039
28542
30170
19757
16237
6574
27357
16047
30601
20666
6108
28811
10672
3161
29441
10320
19715
20410
30996
7350
30250
29298
8864
9779
5529
30138
13393
24010
27409
14807
28321
7716
21098
10201
24755
6881
19857
9096
25215
560
28621
22940
31280
23709
3654
15916
12490
7979
22983
20329
6672
9123
17859
28812
5029
31531
24726
28941
32625
20250
270
5142
32070
17419
27946
11319
26564
4913
24097
8027
6266
19946
1446
26363
14157
32662
30827
24721
6430
8617
8676
592
29095
5631
9549
18450
23718
7024
20462
27794
574
28837
158
17115
23194
6441
10374
17408
21715
30915
18727
9486
25876
14596
5023
2367
15868
11548
3367
9328
14659
10226
23777
25045
13217
30835
9937
25324
24555
41
6184
27311
21888
6160
2249
2318
24035
14246
22022
6812
17833
4674
23210
28809
13462
7846
10301
13520
20739
15575
25987
24241
12930
28205
30278
19298
26565
21414
20565
20226
5052
26239
8653
20942
26110
7942
11415
19863
29290
32170
31538
16244
11278
10836
21171
25012
1864
7674
1546
16918
1834
2673
3718
2109
14883
29826
3484
94
27100
13377
7140
15932
609
20378
2404
27734
29825
25389
29457
7006
6007
3420
20883
9710
19914
4001
25929
31863
29041
6693
9101
28026
19259
30095
2361
15866
6510
32538
30313
9777
27054
10987
30595
1666
18977
161
8053
26799
5585
17965
22334
8524
24658
19684
18096
9587
17572
5330
14964
26810
7002
14930
11086
22370
23548
25052
19106
16593
11691
5661
14392
17986
27395
19533
17724
8636
7494
701
26761
22848
12982
11695
18471
12871
29762
26219
31761
31084
32357
4239
28220
29285
16716
27047
31702
1079
19511
14077
15307
30122
26657
1459
3726
19963
17827
12558
23318
11730
16918
8981
7463
13427
2040
859
10450
17720
3728
18457
18239
16703
15573
23935
4266
2400
13197
22348
10156
23650
690
24733
14780
25966
19993
24066
26869
3779
9558
30167
794
27820
4826
29394
10711
21679
9822
13528
20553
29960
32389
9237
12737
86
5564
23115
9669
16787
22117
30314
30040
11337
14902
20066
5500
15619
30939
29493
27380
15874
2531
15184
31566
17458
32217
18203
12065
30813
29361
13263
2452
157
10087
28808
31007
7703
29410
27035
9622
21222
8734
32297
24419
9302
394
29684
5138
19795
5551
23922
27668
29985
18195
9760
30140
15949
1373
14617
398
16867
9657
30183
5049
19169
126
26521
3810
26092
4623
29205
31779
6466
8959
27056
5204
22768
15224
18684
28297
2885
26077
30945
30683
12678
1198
24304
6252
2275
16300
9715
10661
14250
19518
29897
8642
23227
5396
1905
6289
1852
1290
24164
2422
5261
31055
30760
30387
17022
7878
18722
20966
4032
16044
26028
19923
21658
15996
4711
32100
30173
22287
11986
25582
17434
18184
11804
23222
23314
1135
4663
28596
5486
12700
7470
8599
26801
22871
11448
7433
15722
13885
29709
24371
6062
2406
2040
24964
9157
17476
28974
12974
31524
2510
14558
8434
13723
19166
9097
22942
6864
472
3604
8660
2028
20877
8476
3212
23956
2911
20105
20956
2587
24741
19814
11128
1014
17233
2032
23157
18544
14800
12268
14930
12959
