1
2
3
4
5
6
7
8
9
10
11
12
13
14
15
16
17
18
19
20
21
22
23
24
25
26
27
28
29
30
31
32
33
34
35
36
37
38
39
40
41
42
43
44
45
46
47
48
49
50
51
52
53
54
55
56
57
58
59
60
61
62
63
64
65
66
67
68
69
70
71
72
73
74
75
76
77
78
79
80
81
82
83
84
85
86
87
88
89
90
91
92
93
94
95
96
97
98
99
100
101
102
103
104
105
106
107
108
109
110
111
112
113
114
115
116
117
118
119
120
121
122
123
124
125
126
127
128
129
130
131
132
133
134
135
136
137
138
139
140
141
142
143
144
145
146
147
148
149
150
151
152
153
154
155
156
157
158
159
160
161
162
163
164
165
166
167
168
169
170
171
172
173
174
175
176
177
178
179
180
181
182
183
184
185
186
187
188
189
190
191
192
193
194
195
196
197
198
199
200
201
202
203
204
205
206
207
208
209
210
211
212
213
214
215
216
217
218
219
220
221
222
223
224
225
226
227
228
229
230
231
232
233
234
235
236
237
238
239
240
241
242
243
244
245
246
247
248
249
250
251
252
253
254
255
256
257
258
259
260
261
262
263
264
265
266
267
268
269
270
271
272
273
274
275
276
277
278
279
280
281
282
283
284
285
286
287
288
289
290
291
292
293
294
295
296
297
298
299
300
301
302
303
304
305
306
307
308
309
310
311
312
313
314
315
316
317
318
319
320
321
322
323
324
325
326
327
328
329
330
331
332
333
334
335
336
337
338
339
340
341
342
343
344
345
346
347
348
349
350
351
352
353
354
355
356
357
358
359
360
361
362
363
364
365
366
367
368
369
370
371
372
373
374
375
376
377
378
379
380
381
382
383
384
385
386
387
388
389
390
391
392
393
394
395
396
397
398
399
400
401
402
403
404
405
406
407
408
409
410
411
412
413
414
415
416
417
418
419
420
421
422
423
424
425
426
427
428
429
430
431
432
433
434
435
436
437
438
439
440
441
442
443
444
445
446
447
448
449
450
451
452
453
454
455
456
457
458
459
460
461
462
463
464
465
466
467
468
469
470
471
472
473
474
475
476
477
478
479
480
481
482
483
484
485
486
487
488
489
490
491
492
493
494
495
496
497
498
499
500
501
502
503
504
505
506
507
508
509
510
511
512
513
514
515
516
517
518
519
520
521
522
523
524
525
526
527
528
529
530
531
532
533
534
535
536
537
538
539
540
541
542
543
544
545
546
547
548
549
550
551
552
553
554
555
556
557
558
559
560
561
562
563
564
565
566
567
568
569
570
571
572
573
574
575
576
577
578
579
580
581
582
583
584
585
586
587
588
589
590
591
592
593
594
595
596
597
598
599
600
601
602
603
604
605
606
607
608
609
610
611
612
613
614
615
616
617
618
619
620
621
622
623
624
625
626
627
628
629
630
631
632
633
634
635
636
637
638
639
640
641
642
643
644
645
646
647
648
649
650
651
652
653
654
655
656
657
658
659
660
661
662
663
664
665
666
667
668
669
670
671
672
673
674
675
676
677
678
679
680
681
682
683
684
685
686
687
688
689
690
691
692
693
694
695
696
697
698
699
700
701
702
703
704
705
706
707
708
709
710
711
712
713
714
715
716
717
718
719
720
721
722
723
724
725
726
727
728
729
730
731
732
733
734
735
736
737
738
739
740
741
742
743
744
745
746
747
748
749
750
751
752
753
754
755
756
757
758
759
760
761
762
763
764
765
766
767
768
769
770
771
772
773
774
775
776
777
778
779
780
781
782
783
784
785
786
787
788
789
790
791
792
793
794
795
796
797
798
799
800
801
802
803
804
805
806
807
808
809
810
811
812
813
814
815
816
817
818
819
820
821
822
823
824
825
826
827
828
829
830
831
832
833
834
835
836
837
838
839
840
841
842
843
844
845
846
847
848
849
850
851
852
853
854
855
856
857
858
859
860
861
862
863
864
865
866
867
868
869
870
871
872
873
874
875
876
877
878
879
880
881
882
883
884
885
886
887
888
889
890
891
892
893
894
895
896
897
898
899
900
901
902
903
904
905
906
907
908
909
910
911
912
913
914
915
916
917
918
919
920
921
922
923
924
925
926
927
928
929
930
931
932
933
934
935
936
937
938
939
940
941
942
943
944
945
946
947
948
949
950
951
952
953
954
955
956
957
958
959
960
961
962
963
964
965
966
967
968
969
970
971
972
973
974
975
976
977
978
979
980
981
982
983
984
985
986
987
988
989
990
991
992
993
994
995
996
997
998
999
1000
1001
1002
1003
1004
1005
1006
1007
1008
1009
1010
1011
1012
1013
1014
1015
1016
1017
1018
1019
1020
1021
1022
1023
1024
1025
1026
1027
1028
1029
1030
1031
1032
1033
1034
1035
1036
1037
1038
1039
1040
1041
1042
1043
1044
1045
1046
1047
1048
1049
1050
1051
1052
1053
1054
1055
1056
1057
1058
1059
1060
1061
1062
1063
1064
1065
1066
1067
1068
1069
1070
1071
1072
1073
1074
1075
1076
1077
1078
1079
1080
1081
1082
1083
1084
1085
1086
1087
1088
1089
1090
1091
1092
1093
1094
1095
1096
1097
1098
1099
1100
1101
1102
1103
1104
1105
1106
1107
1108
1109
1110
1111
1112
1113
1114
1115
1116
1117
1118
1119
1120
1121
1122
1123
1124
1125
1126
1127
1128
1129
1130
1131
1132
1133
1134
1135
1136
1137
1138
1139
1140
1141
1142
1143
1144
1145
1146
1147
1148
1149
1150
1151
1152
1153
1154
1155
1156
1157
1158
1159
1160
1161
1162
1163
1164
1165
1166
1167
1168
1169
1170
1171
1172
1173
1174
1175
1176
1177
1178
1179
1180
1181
1182
1183
1184
1185
1186
1187
1188
1189
1190
1191
1192
1193
1194
1195
1196
1197
1198
1199
1200
1201
1202
1203
1204
1205
1206
1207
1208
1209
1210
1211
1212
1213
1214
1215
1216
1217
1218
1219
1220
1221
1222
1223
1224
1225
1226
1227
1228
1229
1230
1231
1232
1233
1234
1235
1236
1237
1238
1239
1240
1241
1242
1243
1244
1245
1246
1247
1248
1249
1250
1251
1252
1253
1254
1255
1256
1257
1258
1259
1260
1261
1262
1263
1264
1265
1266
1267
1268
1269
1270
1271
1272
1273
1274
1275
1276
1277
1278
1279
1280
1281
1282
1283
1284
1285
1286
1287
1288
1289
1290
1291
1292
1293
1294
1295
1296
1297
1298
1299
1300
1301
1302
1303
1304
1305
1306
1307
1308
1309
1310
1311
1312
1313
1314
1315
1316
1317
1318
1319
1320
1321
1322
1323
1324
1325
1326
1327
1328
1329
1330
1331
1332
1333
1334
1335
1336
1337
1338
1339
1340
1341
1342
1343
1344
1345
1346
1347
1348
1349
1350
1351
1352
1353
1354
1355
1356
1357
1358
1359
1360
1361
1362
1363
1364
1365
1366
1367
1368
1369
1370
1371
1372
1373
1374
1375
1376
1377
1378
1379
1380
1381
1382
1383
1384
1385
1386
1387
1388
1389
1390
1391
1392
1393
1394
1395
1396
1397
1398
1399
1400
1401
1402
1403
1404
1405
1406
1407
1408
1409
1410
1411
1412
1413
1414
1415
1416
1417
1418
1419
1420
1421
1422
1423
1424
1425
1426
1427
1428
1429
1430
1431
1432
1433
1434
1435
1436
1437
1438
1439
1440
1441
1442
1443
1444
1445
1446
1447
1448
1449
1450
1451
1452
1453
1454
1455
1456
1457
1458
1459
1460
1461
1462
1463
1464
1465
1466
1467
1468
1469
1470
1471
1472
1473
1474
1475
1476
1477
1478
1479
1480
1481
1482
1483
1484
1485
1486
1487
1488
1489
1490
1491
1492
1493
1494
1495
1496
1497
1498
1499
1500
1501
1502
1503
1504
1505
1506
1507
1508
1509
1510
1511
1512
1513
1514
1515
1516
1517
1518
1519
1520
1521
1522
1523
1524
1525
1526
1527
1528
1529
1530
1531
1532
1533
1534
1535
1536
1537
1538
1539
1540
1541
1542
1543
1544
1545
1546
1547
1548
1549
1550
1551
1552
1553
1554
1555
1556
1557
1558
1559
1560
1561
1562
1563
1564
1565
1566
1567
1568
1569
1570
1571
1572
1573
1574
1575
1576
1577
1578
1579
1580
1581
1582
1583
1584
1585
1586
1587
1588
1589
1590
1591
1592
1593
1594
1595
1596
1597
1598
1599
1600
1601
1602
1603
1604
1605
1606
1607
1608
1609
1610
1611
1612
1613
1614
1615
1616
1617
1618
1619
1620
1621
1622
1623
1624
1625
1626
1627
1628
1629
1630
1631
1632
1633
1634
1635
1636
1637
1638
1639
1640
1641
1642
1643
1644
1645
1646
1647
1648
1649
1650
1651
1652
1653
1654
1655
1656
1657
1658
1659
1660
1661
1662
1663
1664
1665
1666
1667
1668
1669
1670
1671
1672
1673
1674
1675
1676
1677
1678
1679
1680
1681
1682
1683
1684
1685
1686
1687
1688
1689
1690
1691
1692
1693
1694
1695
1696
1697
1698
1699
1700
1701
1702
1703
1704
1705
1706
1707
1708
1709
1710
1711
1712
1713
1714
1715
1716
1717
1718
1719
1720
1721
1722
1723
1724
1725
1726
1727
1728
1729
1730
1731
1732
1733
1734
1735
1736
1737
1738
1739
1740
1741
1742
1743
1744
1745
1746
1747
1748
1749
1750
13983
20661
8541
13338
2425
19848
11781
23295
11120
11253
11533
22847
24554
7447
22831
21624
29853
15394
5096
20233
11775
6399
21894
10193
22526
22070
25473
18234
20210
24081
16654
7542
5328
29439
3570
22025
18080
7990
18324
25736
1585
18332
8279
20128
11275
26088
24870
22361
21925
11780
2385
28572
9176
8886
8343
4084
15764
23936
28548
24465
27346
3525
4605
19602
23497
29484
6169
31108
28773
22346
10546
9253
5109
19067
23868
26990
292
10256
16470
2769
554
9648
13471
6336
323
29176
9803
9838
32096
9829
17910
27353
14109
4212
15671
29448
10740
5639
4473
18833
9648
14603
10502
14175
7204
32344
9829
434
30492
15320
3558
18791
2708
4588
27003
28538
30504
5131
24265
8905
4300
25773
27519
31515
7613
18535
15335
17760
440
29783
20411
25915
10601
7106
24889
28605
18982
252
17017
25460
18909
3464
9471
8612
25419
13697
32653
3284
23151
10808
1594
28812
21823
8223
26824
5726
11417
11238
19251
11299
18812
31459
11398
24455
25208
27319
12274
21192
11619
17455
31777
20154
22862
7528
9416
22031
25783
10039
21116
32213
9217
27079
7366
12096
3105
13444
19065
13994
5529
17720
27715
17368
19370
27252
1411
16255
23493
9522
14170
6662
14660
3512
8709
30606
10583
32704
28778
23856
19265
20949
16880
17285
28868
7168
26260
12908
23257
20900
8506
18951
11941
12967
25664
23815
13993
22482
15449
42
17465
24187
23961
13057
17711
30561
1740
1527
25056
23767
12044
24975
14159
29733
12691
21229
417
7723
27597
408
19153
31559
433
12926
29093
9849
15442
31801
7393
11205
14001
4240
28346
15833
19670
16193
3213
28400
287
5630
20177
28918
19415
16821
11595
8429
2314
5396
15232
24975
30872
22605
18800
2357
1161
17942
31873
26359
16800
23028
29882
8981
24115
21434
21041
32406
29498
5196
11975
13870
27557
14249
24594
3173
30195
4137
5531
16118
13312
26371
10058
27509
7454
9745
10270
10037
18024
20184
4385
20073
1363
25283
6300
20105
8326
8367
2439
28664
748
15276
12099
25315
9479
28418
10636
4972
8327
4979
15529
2312
8731
6592
29157
21797
11655
3695
7235
21777
26615
2762
5486
19223
23698
14123
18159
4843
28499
17015
21410
30024
29204
29417
30059
24279
4076
13329
25381
32339
699
17948
21211
3563
18179
29269
27707
19431
16890
26860
16199
26255
3549
11254
4942
24392
24710
11190
8731
10497
16449
30747
4972
1485
31452
11145
19622
26577
4861
29405
26822
22881
6072
22187
27803
12390
6753
10697
2867
4355
13983
16658
3731
888
24770
22628
14506
8518
28247
18667
12424
7572
3321
29858
20428
11473
7018
2838
25691
3995
6370
2926
14936
17631
7846
10152
592
10050
6109
27941
26548
31168
11167
22120
27533
10131
3408
10779
22379
15191
10028
19282
23710
20843
21282
24340
13225
2458
5606
27416
20468
15355
4162
20940
31681
29973
6829
20379
28769
32071
16158
23920
16040
28520
1314
7286
7070
8874
17453
12067
25975
27588
28717
9076
29894
31056
5221
21114
3565
20337
28793
22805
1752
9914
27589
3584
29931
12875
21235
6413
30520
4413
5069
4018
28918
28481
27471
15045
18478
6275
14849
27012
31928
1237
29316
30168
11110
7689
22122
24027
20863
17822
30027
5783
25711
23968
8724
31761
4540
22729
21155
646
15164
5612
7569
3316
902
2708
19023
3292
32422
232
10101
20294
23317
27857
6998
6919
5864
7263
8920
1087
5447
18281
12931
6437
10273
17012
11735
19463
25118
22742
26851
16012
17621
4636
26643
21053
8000
26280
21066
8771
12396
10143
18736
19058
25205
7682
7118
8071
12722
9498
1880
15534
5165
17434
31305
2632
30038
2816
3509
8682
6648
14012
10459
13225
107
24724
763
20629
4364
15559
30567
16003
13034
11376
24539
14608
6338
9902
26897
17378
23086
15618
5521
29233
11545
16120
25287
18310
21366
16650
17495
5571
4401
2753
27061
31844
15974
12317
496
27908
18898
23095
29134
22819
16263
805
12318
27942
10211
10526
15434
31903
21186
15582
25388
975
25331
20300
17954
25194
11753
16987
22629
13209
17331
302
18070
26437
13103
895
31898
147
24186
8257
15784
7595
29610
29572
672
11454
24000
23450
4767
29255
16856
20856
2512
17553
23715
8286
17029
8313
21527
16571
21638
31605
20837
23115
7848
30421
30508
12674
3746
22601
2028
1069
6941
27556
20669
6487
9226
12767
11329
2153
11576
353
12759
31638
10022
31613
25873
29046
14870
31549
31081
16881
18274
24926
32303
27231
5395
24987
1734
25837
22448
13615
8976
3907
3668
22165
15399
25700
25859
10898
10574
3541
4414
14965
4391
4097
23765
25502
27430
5596
21245
8253
13637
8135
17314
19804
12793
6580
4351
4640
16997
7306
31595
19531
12494
24267
24438
9734
32592
6260
6708
14558
3791
24100
2009
25100
12848
14209
20614
11257
456
29911
30563
28929
788
2051
24558
7031
30891
25744
15763
9962
28274
11039
8572
18087
22031
9228
6826
21887
18336
19790
7237
29387
15020
32671
7728
28845
19289
28382
11233
30616
24544
2481
21872
786
16959
31854
14061
7096
558
23356
2551
29315
13139
14197
30090
16715
23481
9295
4121
5257
9855
28348
18397
25185
11981
3214
9580
4832
30476
1759
7309
23938
24663
25520
24395
8183
13868
21200
26440
4646
8808
8704
10580
31603
7538
15444
10046
19773
11958
14556
21482
18091
4437
15492
32164
1449
4378
13113
12980
10541
13233
9293
21555
26815
531
9757
19229
17720
1605
13553
5031
14026
20802
28963
4818
31808
7478
2180
27200
28551
24556
20219
15942
878
24970
19055
8772
20138
11132
13799
7985
18461
25518
16368
2170
6232
26622
2112
4877
9310
15857
8344
25264
13738
10916
5359
408
25460
1798
16076
30263
8497
9285
26612
27477
5721
21638
69
7778
9068
27609
27362
2059
14391
19820
9872
29451
24404
22783
21856
30020
8944
19607
26511
32526
11984
28279
28074
29903
21398
4940
22005
1740
20289
21672
6414
15166
32500
2993
6606
24233
24056
25627
15472
20073
30211
6995
30965
20877
9403
16381
27846
29673
23158
1441
12188
5991
13892
161
28573
12190
9007
24175
6344
23462
23233
28156
2962
21034
28871
3188
9937
21438
19541
18984
10458
6003
12810
23500
11238
26025
17301
11234
16827
21797
6264
8310
29320
24164
21516
26892
8976
14638
23750
26839
9738
14446
6328
4395
31944
6208
21339
16437
2840
29260
12427
30698
17000
19539
20691
317
2093
29959
2795
20373
23429
8992
24191
14462
32282
2732
1074
21406
9290
23718
16099
5868
28806
25803
21039
796
15864
14761
16951
29789
32361
13049
16547
27463
12129
6702
27367
25103
10896
18766
15812
510
21868
11265
25106
19745
29724
22248
14014
4161
9109
10543
15375
12565
16131
11366
17453
11447
13418
9868
3299
23125
3213
4717
9892
17961
10767
29231
19660
14507
984
12327
4905
15877
24250
497
3258
16839
19028
447
20406
4828
25911
29169
31440
25533
11336
24294
8122
6884
22886
4882
14056
1924
5452
4433
150
20087
184
2427
30476
9079
22733
31545
13857
8850
15029
31511
31742
24024
19084
19930
10020
29527
16761
19987
21937
16201
10014
20468
2526
32395
14899
30563
30669
30033
19565
13389
24706
28185
5541
22845
7727
9437
16950
45
17844
29325
16551
12700
358
19644
4746
480
2319
28058
9379
6334
23351
14370
29261
22328
7074
11412
30746
4006
15130
294
14778
1032
19567
13046
24350
7835
10939
9028
11484
6314
21738
5342
23510
935
8826
7643
5143
26746
13696
24972
3837
28953
19948
9904
9373
20569
25101
7655
18531
23556
8280
27754
14585
3371
15973
20216
26474
23229
14650
26900
22920
8793
27340
5229
2955
4961
6339
17566
5370
20560
24702
21271
5327
14925
9303
18267
10454
6912
24104
28525
29782
8356
31502
23684
31219
24669
9324
6150
19667
21196
6707
9396
23808
32481
609
8226
25357
18161
20936
6251
12029
3081
12817
27170
24160
7041
2304
14988
15807
6868
1274
25100
22842
26031
21188
23262
112
4679
24717
2056
16799
4080
21039
26766
8204
5100
2738
2790
2470
18560
28433
21675
20454
29261
17985
29334
10233
32734
23152
1193
30241
14206
16267
23213
26713
30540
25346
21727
9272
15249
18639
15591
3095
24400
6581
11017
24438
19231
26309
19359
15004
1590
17959
6343
14718
24006
11543
23641
16866
5772
11054
3612
14532
23717
27363
25145
9977
26020
6993
7151
4370
30946
10043
30857
1667
21013
23885
18061
11269
4644
28068
32055
17720
12858
24721
26661
397
11546
27290
15188
4195
21170
16834
9035
16496
31218
22539
9622
11875
1246
7992
25974
18119
27362
14807
8407
7979
15718
15743
31106
27264
23203
27223
24212
3266
17077
31703
10799
4571
17137
30419
18287
3012
27512
6325
29856
7149
780
19466
30126
11231
27939
17984
19164
6432
13882
12973
16313
22614
14956
3796
26193
21424
6723
7140
21152
2178
29134
2434
10828
10287
1524
15816
23699
16460
23559
24206
5761
11778
28573
32744
18279
24756
31387
7151
18826
12258
914
14277
792
18510
9807
22995
4960
29789
19117
13653
24641
17343
15790
12057
6115
22098
24778
8067
31398
20036
25479
30165
344
11641
15178
8365
13227
8748
19821
24528
17126
1752
32657
25381
15578
6489
8758
23301
27416
11598
27017
23986
12897
24003
26748
17956
1630
525
16924
28684
17809
27124
1312
29971
4492
9496
26045
20322
30561
22925
18882
1384
31833
28105
23264
17111
25321
2496
4937
752
15329
13133
30846
12289
6119
2516
30817
23596
27940
25894
7314
30569
1341
23460
2040
9934
1925
29608
29342
8463
29553
1056
6081
13377
8012
2172
18983
22755
3883
27595
8882
30238
14372
3872
32052
15180
955
3899
14213
12984
10141
3429
26323
29092
9617
32668
30522
2449
1963
19440
27028
7866
11458
13101
9107
18402
14629
20154
1549
6991
32650
9665
15766
3351
30279
7568
340
666
3269
18752
13327
16208
30001
23700
7048
3781
13940
17955
8716
20449
6758
13498
22088
17773
19518
3068
7519
20435
15182
3147
19258
29733
5613
12780
5408
21601
28852
3941
4742
31988
28141
10026
16424
11132
31048
2169
14680
29394
27600
13187
7062
24648
11294
2252
18530
1583
7884
18388
31054
3997
31533
24823
23127
16749
22587
7826
7797
3206
1489
26983
17009
5473
1563
11331
29175
21701
15178
6878
17132
13781
7564
24578
15105
21837
3387
30447
21385
17929
5460
13311
28552
32455
12844
16518
30732
21805
28766
3580
4800
10766
30728
1118
9918
10985
22583
28625
9125
19634
9887
29065
16107
25557
18320
30697
7029
32121
29221
491
3941
24065
17599
12739
31796
18649
32177
29375
27904
30063
11325
13938
28455
21887
28096
3345
22804
4244
2857
7453
29529
22732
2735
15938
14334
31963
2500
15232
7193
23378
29508
136
6047
6946
26099
13929
24442
19803
24358
4971
1500
23610
32192
25147
29906
27491
29024
1097
30492
3435
27097
29551
17212
29337
6883
1747
15565
29934
10256
32526
24598
9570
3329
7566
3039
15985
21977
19256
