2013
8233
1196
930
9009
18785
31143
11265
2147
8731
27848
6132
15563
17249
22461
19453
7729
4586
21042
28590
10802
30702
13392
30233
21733
28984
17027
10887
12991
7549
18049
30061
31156
19692
14728
28059
7583
15110
25574
2487
3044
27568
5567
1514
19028
24199
23819
20953
32081
3187
23774
6871
6450
25471
10732
18008
17129
13544
20556
28841
9186
18803
26236
17375
13615
4100
20902
15118
17891
6765
7969
9659
16571
23684
5947
32659
29956
24952
27958
28765
26296
27493
12432
2093
27115
12581
25480
3034
3429
11882
23261
26035
6289
14857
19161
3694
8342
22169
9614
609
30915
28989
11872
5877
560
702
26307
17495
7842
18141
14406
14192
19120
32231
32721
16408
8996
27785
24106
28550
22948
3558
29118
31499
23698
11239
23967
14081
13872
20946
16841
15870
26376
19743
2217
6221
16267
12423
11744
30622
31992
3421
25156
23292
11647
22305
12583
12032
8103
9555
2781
15940
24813
18309
22648
1563
4013
24500
31958
17279
1094
30424
26334
19531
5498
16314
6406
2219
31763
31750
18968
8400
6604
14241
823
13032
10094
20028
24349
9549
3642
28458
20134
26876
28807
4974
1682
16458
9644
6681
31366
24018
11552
32467
2389
28594
23776
24247
15998
27383
20241
16228
19702
11093
21223
19536
10023
15132
25797
32352
22584
22375
29094
25014
655
1174
27067
28107
10132
18175
26197
9149
7352
21473
26374
26346
20919
20121
27139
17341
19481
26137
25549
6344
31743
26261
23057
22035
19996
4991
9676
18100
7938
23990
8370
6304
29599
18939
16849
5825
6919
7076
28018
18761
7540
6036
31808
28741
7306
29546
15788
3189
2272
17657
31119
27227
20669
1529
13585
25490
27679
32763
16075
19041
27138
13475
17960
13200
25310
5649
529
4730
29810
9120
10953
23396
10944
16083
19221
8205
31321
19596
11425
23174
12250
30335
25503
23108
30903
8423
15793
1908
26935
26743
6153
28814
9152
15508
24782
22061
1365
27073
18370
10526
31581
10331
25123
11959
26278
902
17871
16234
12201
11367
24491
21402
28688
3476
2372
21164
21877
13000
8631
22626
8557
22748
11727
25700
27333
14834
17262
10272
1035
27124
17454
26324
11088
22333
11079
7145
26413
17301
29364
23427
13572
18787
21393
8534
27784
16670
26056
443
31872
6917
25324
28931
25800
272
4197
5387
4504
21798
5326
21776
31752
24464
15515
7109
13268
16814
29183
32675
13917
232
27661
17793
14065
15848
22813
29028
15436
27654
2161
22936
14175
7428
22296
28672
30544
13564
25619
13738
7873
6806
20407
3238
32341
14206
2642
23577
30832
23830
30225
14989
21055
24936
24609
4747
5625
2142
5397
30060
27236
3381
5256
4204
922
24623
10243
30720
4365
27784
24865
15722
19657
31404
17136
650
4089
679
6811
32759
4269
733
19270
12622
11482
12027
4410
7114
26274
2861
66
25365
30166
18322
16724
8286
4794
28653
21364
12204
24072
17309
21462
26482
2615
18895
4419
28259
10748
30194
28349
9095
18450
28779
22886
19599
11319
22410
21918
32358
29047
3261
26476
29704
20908
25092
23071
18327
19014
15269
11061
16812
32328
31265
7291
13035
31123
16486
12662
3034
14695
27206
7170
9971
7719
18216
23609
30967
10844
27902
6038
7046
13053
14199
27482
26093
25838
18293
15919
2111
17350
5825
21772
23719
1493
29694
12120
25340
29030
31451
28242
6806
8001
23693
19376
11872
18036
3197
25478
10031
30035
9533
21866
6226
23486
6593
214
31339
2722
1740
24782
10365
19650
14504
19138
13125
31928
14618
5301
32462
31798
31125
26271
24128
12434
28078
15120
8696
10370
10704
21271
19422
20260
23089
8546
24051
20545
9732
28838
30506
4562
21233
18754
12921
26307
15554
23071
31791
24312
30047
26842
20872
22670
8444
3365
7807
13923
25233
15210
11747
24536
27786
25266
24493
28117
2496
8646
6545
10510
12969
22419
9683
15749
715
4819
29788
18256
8823
9450
29197
7325
30899
23566
27219
30963
14712
10411
9980
28091
9246
12806
16969
15358
1556
7712
24388
31600
21972
4317
15443
12974
31254
9829
21518
17604
4420
27851
78
22514
19759
8429
21382
6576
14080
12955
7255
1007
28529
21499
18270
1954
16189
6187
4945
16509
3028
25897
19274
5628
1108
15600
31586
28072
6837
8676
21378
21142
7491
6768
11382
13872
1106
6126
25411
11831
18477
17607
32443
21513
21327
32219
21326
10528
25814
31523
6435
9436
30516
27540
10344
20354
32552
2119
20454
3716
5869
25304
31192
1539
27057
29452
4861
13202
29512
10166
26604
9789
26658
32475
27816
30666
22906
26900
8820
27454
27089
31796
4072
21667
9627
14635
32581
11785
21560
26922
30470
32203
21797
22024
8375
29203
23924
25061
4618
21920
10617
16909
11304
16839
30407
24862
1349
12728
23131
11374
4215
23299
18198
20647
30664
28507
22641
10676
23690
11161
13676
27105
29162
22532
8135
15421
9672
7631
885
26179
19398
21987
6734
11450
32415
13535
30724
32730
11195
30813
4696
12976
32000
31096
6541
16836
5354
18571
13597
27896
20702
13882
30892
10419
1467
28087
9530
10815
27315
1086
2716
4976
9817
8674
7469
391
12794
10124
5057
853
1841
30273
8666
15012
19382
15267
8735
11474
28535
26555
17673
1727
28906
12277
6112
22506
15265
17260
30694
2262
21791
5224
17874
4275
19434
23333
28031
11834
7393
13783
5606
10201
720
2538
3402
22288
25666
2702
17842
795
21398
2163
30108
20177
21845
28369
12528
15820
24771
4524
3635
5322
20148
12630
11261
6483
10913
22325
10925
29852
6651
28614
28251
15788
19903
17890
15630
28349
12875
17217
3375
18917
20848
6716
6206
28917
6856
15575
1476
13474
1610
17662
17033
24290
17691
12815
22534
31897
29863
8089
22557
27253
2033
22884
12552
10518
23335
28849
32144
15475
9594
14018
9599
6777
15661
16541
25175
27893
25067
22542
31812
10931
349
32235
21328
19431
10748
24987
2262
7629
8228
29145
23865
31117
18794
27318
5589
25185
25136
1245
32566
20217
12663
10779
24456
8735
12020
21279
27983
5783
20325
29310
7769
8777
27429
4346
25328
5282
29438
32515
8532
29751
26431
16254
1384
24491
17679
4038
30891
30163
24065
12528
22122
2329
19945
22100
12340
8734
749
23880
13967
5540
3039
12847
6633
12714
8394
1715
30673
17880
6602
15694
10343
2846
18465
11791
17
11929
25992
10395
22896
950
3523
22386
31635
8601
30328
26739
12394
28608
22849
7843
8061
26083
17408
12586
16605
799
17267
7070
31835
16468
7176
17284
18681
460
1266
5908
24734
19485
6524
2365
23566
16464
29853
3817
19224
9026
10957
386
7442
29771
5656
2741
28034
22302
10353
32118
2334
21744
14408
16452
16119
14557
31583
11438
20977
2951
9177
2070
7798
29184
21396
31157
18539
29674
22968
8671
1379
27868
28304
13960
22291
11528
24985
18696
18951
3355
28121
6427
3219
31077
10354
6444
29195
14394
15735
2003
13878
28568
28414
17052
5377
11785
2679
13834
2673
31435
18492
3803
20187
12591
18793
4238
25431
11071
10221
13603
17010
32675
19681
31266
2339
22214
281
32478
11265
6964
27641
22523
3250
2375
29834
15406
935
25090
14541
28228
12806
17725
3920
2150
12264
30466
18174
3227
27333
5176
6459
24206
18476
31358
561
2706
24760
26458
29540
32227
26431
4755
5261
5166
4172
18395
1701
7764
3536
17329
23872
18028
29460
22406
16924
29959
5362
6431
30458
7095
14917
8506
10668
2258
12446
7540
20080
10355
6457
14698
29820
22210
559
8991
18650
10101
8172
11934
15222
18071
15076
23776
31350
22152
9602
18927
14281
28486
20065
17996
27907
8938
17087
8078
4456
11126
13615
23629
30278
9677
23693
28478
15753
32259
16183
9631
7817
28887
15994
21718
27942
18046
30283
2901
5911
10915
17720
18624
2943
17835
4254
338
16577
31549
6427
28797
19606
29186
29510
32464
16989
18601
30878
16158
19378
7215
17601
18141
12097
17245
4831
26060
14812
25490
3949
217
15820
17090
29214
5185
7269
31423
29711
8441
3550
29111
30273
2381
7007
15358
27725
8391
32602
19214
24403
29522
24607
3533
7476
1951
6315
26126
26625
8392
961
5977
14771
17203
32061
4847
28700
186
3492
17673
29981
20488
29695
18273
14106
29510
490
7411
1451
12792
32232
23301
9876
27169
32761
25445
14072
15534
31855
5106
11465
22801
28925
3933
3203
11309
26641
817
10010
30322
18019
3857
29744
3401
5838
12609
23692
19378
18528
23657
2248
30251
4781
6805
2121
5589
29800
24959
25717
3794
52
31761
29727
30193
27575
11558
838
27021
5360
28561
8960
29106
29131
30560
13745
11138
7667
22626
2944
17367
31464
30182
8972
1322
5713
8134
25178
31924
19091
164
23571
31442
19874
16756
29932
29358
8728
1594
32101
32028
7812
10261
5046
706
32516
20605
25094
20860
13590
22985
3295
8447
27051
6388
26079
19132
25981
29856
14000
14599
21411
27995
14394
20856
4706
31522
2582
24209
1607
25635
15942
15522
9074
28871
19748
19946
8501
8432
1433
31231
3038
18048
19855
15472
10448
10522
18089
1704
24793
5932
11057
30997
9407
2093
30546
14218
28
13347
12935
23778
20076
17513
27987
20967
18021
431
18227
2930
20359
9026
4305
29651
22003
9102
24186
882
4224
15841
7890
19639
27916
31089
2502
32552
5904
26017
31683
9681
19575
27520
4389
9449
29873
22674
5619
15026
11779
1748
7625
1953
17697
17914
22549
25023
19198
27131
29830
30543
15587
8911
11202
1201
29375
375
16472
8582
18366
20031
3061
26901
12572
5184
27866
494
14140
1576
10125
18636
1268
8254
4303
8896
299
11168
5071
14988
9895
1743
26781
11597
3616
22382
3809
27230
24217
2375
24781
19064
6128
16015
21072
8734
27571
5483
12429
21304
6197
26291
30091
8702
31201
25077
1070
20759
18127
10941
24678
18690
10389
23315
14246
20150
10336
3910
19864
3461
8515
24296
8463
30790
11470
26394
23869
17843
15843
18954
27430
3088
24005
18361
14164
16398
16242
21506
32716
6894
7475
19928
15938
11241
5233
15311
649
6352
29642
12765
20813
20976
12132
17506
23300
15672
28545
11367
7970
7326
27988
291
20364
13246
4628
10948
2128
28868
3150
29292
12179
7309
20351
21369
4555
22025
12770
29193
3630
23780
7303
23229
26473
28517
421
28606
3222
16278
3377
9982
28264
17317
17327
32193
13481
25994
841
17755
26599
21994
6942
11579
25450
1595
27868
11816
9065
3626
19601
15051
17277
57
4798
22894
16725
29101
5294
2819
22444
14759
30469
9064
1400
11153
3740
30441
5476
20667
17292
263
14721
25926
10889
26743
3896
7234
18546
1134
8068
28435
13349
18204
12126
31769
2712
12662
29816
14480
26918
13369
557
31156
25126
8748
696
6441
8130
6053
4261
14491
10503
31566
17542
26786
32056
31785
19175
14056
31080
12498
5764
26509
15431
15365
697
24010
31805
6751
31289
30677
949
32105
30211
25093
18364
22482
26770
9527
19658
32508
26964
29808
19935
1467
13406
32196
22994
13401
21086
17014
23270
16861
31953
14944
15519
12940
4726
18069
9172
32689
12290
14150
27908
27802
16661
26850
25838
11491
7533
15489
28507
16375
1626
28547
4159
9683
6257
5748
2816
20749
1413
16179
3094
31253
10963
32340
4308
14268
22397
27586
389
242
22330
21161
12731
31700
5451
6291
15076
15846
27569
8145
25886
24988
29341
10524
4685
5408
25640
30844
24426
1615
26692
16745
28702
20484
23794
7728
6287
19610
28342
5785
22906
29100
5448
31175
25218
6431
18573
3935
3783
23395
453
25581
4027
24309
23814
13443
14897
16681
28393
15779
10679
31782
8835
29022
11814
28210
13207
22718
14199
26160
6409
9314
13272
22886
29590
12392
5119
9860
21699
32656
27071
2530
29203
29085
21721
9994
6269
14591
12820
19318
29725
21424
16528
20123
42
2908
12631
13094
13096
16580
21813
28037
15199
1636
23754
29609
24459
20051
24285
31242
22485
12140
6387
492
13058
1451
7712
7393
7147
29145
26654
2448
4909
31852
32412
3508
28961
24489
10456
12648
17423
15627
23920
16289
24222
16872
25718
12284
10895
32594
24514
23994
5035
31036
11660
12296
7930
12509
22842
6020
566
11866
3702
1278
20351
19871
17028
15739
2384
21133
2002
12160
12978
2139
16337
11661
12208
28726
7940
12775
2570
17195
14167
3994
28206
19271
31921
13503
29795
22525
30668
25083
2632
20935
6981
31560
4221
12560
28399
22008
160
23634
1389
10231
12155
12668
28672
31824
32635
16022
9373
20722
5988
28071
2627
16821
28996
10199
8075
25752
21926
13265
28545
15180
5895
21355
18610
24055
8590
25737
27270
17202
13047
2366
7376
18771
20177
6965
26020
25842
17129
28240
20841
6310
20486
9870
302
6672
19158
9522
29506
18459
18729
20770
14846
22145
12125
16013
5350
21138
12825
31184
8177
25905
8255
31131
3364
30239
2331
31823
7269
5244
4833
21675
17807
18570
5462
27048
18626
12981
19661
28065
6397
7120
14677
4279
21742
23202
32305
12916
16904
12961
21896
22191
32215
4093
27742
25007
22928
17632
15043
24467
5101
11253
11338
23280
25911
21543
11453
1725
4516
6571
27919
16236
30180
20544
29842
10074
16887
25269
21098
25193
22081
2988
834
13547
30432
2975
24382
2499
18749
32
9264
9158
20449
16485
28686
32360
22667
25347
16292
8596
4223
20730
17798
27867
13088
2546
11593
7633
1729
32196
7922
5556
7097
7996
5807
8783
437
5150
25797
19998
26451
9830
27082
31667
22508
23252
25364
20568
2992
20648
23409
12790
32249
20139
5144
23606
15833
8558
31200
20709
11509
11990
31408
10141
8343
25304
20279
162
6398
22914
3293
7946
761
27195
5113
28193
14260
30795
11844
30219
11985
11422
29070
939
5818
31940
15023
1988
18230
9021
21697
29022
16955
27892
8332
1900
14084
9
20546
1451
15202
32723
2925
205
12119
12838
3877
21975
32481
2513
7814
10440
13844
14955
22369
13947
7019
14672
16178
32206
17504
20454
7250
1028
22586
8997
28526
14440
29991
21590
8504
15155
27530
7962
14428
2992
17302
6319
11190
24990
16668
29807
9410
13782
22945
29081
18004
15918
20660
22100
19337
24732
28287
7153
4861
24991
1179
12401
27198
20954
13609
28999
11649
32514
12318
17247
3988
27643
23262
27742
7700
5182
5645
4396
21984
32382
5537
32176
23501
25227
32572
6618
11676
26230
17082
12263
24361
14070
24837
26592
14308
32522
5425
7268
17541
736
5061
27816
12540
25078
21590
12220
32423
17535
6491
11536
27336
30728
10812
15926
6454
16219
29612
15849
22355
22948
569
26703
2877
1234
2849
4219
9033
32576
30568
20278
6573
19605
9511
3839
24700
16873
21287
6480
18904
7465
27310
2339
16483
11196
7065
18101
25590
17510
32427
28810
24214
6253
12837
21937
1443
8187
9367
25929
6995
9668
501
14148
17503
13800
30445
4715
1532
29723
15992
5026
24589
7427
11696
23150
22423
14049
12769
24244
1397
13684
29922
21444
32077
5403
7078
15509
8386
12601
21262
5458
13035
23005
7937
13846
16388
27811
8127
21237
11620
29909
16754
15675
1455
5846
2567
18936
21837
19137
31035
444
11035
10829
12025
32159
4448
22004
19427
5508
4866
13652
16431
17311
8442
5845
31924
24885
27653
29324
14916
8355
1692
21599
19261
26786
25383
12650
11099
29897
622
11426
16848
24404
26192
3768
2455
30755
7351
30017
5125
3334
30411
32019
6561
1847
16486
27634
3381
552
3016
7532
25893
16255
25997
14081
3840
7263
1244
26503
16725
27626
19424
13773
8136
23300
11388
8831
25956
16729
17722
8521
2355
929
19077
11583
4364
27427
4121
31869
1709
5751
18103
5898
17162
26513
16925
21763
996
4859
23349
2037
32668
13410
17037
21386
27466
3156
22279
31080
9994
19272
21714
7254
1174
3551
28824
16032
23578
28265
13049
32701
25411
20395
10297
23856
31385
17632
14389
31404
25872
15101
15004
13691
7641
18233
7003
1825
16510
16077
9049
31548
14126
31736
14693
15534
9046
29767
12141
32254
13425
1043
28656
16636
24864
4939
8117
16804
13949
30580
1982
2117
12716
14061
23416
26339
22452
4472
12084
26073
32653
29174
13018
25538
635
11634
1244
27802
18074
13153
12650
3105
22457
4904
12773
8064
619
31455
149
27183
9564
4949
5278
29206
11490
23892
23088
26355
27860
29734
31487
6395
19615
22871
2803
17092
31126
11709
27936
10850
5002
31670
1272
24017
1947
30385
1983
3731
3405
21488
576
20633
31199
8332
26303
16487
24024
14521
14126
21620
8418
17483
8100
24015
4059
23673
5386
31752
4394
16097
19480
2126
29519
12749
7296
15317
2494
32181
9320
5499
3054
8197
16414
17066
27309
6943
10759
3968
4022
1956
22233
8749
15237
19184
25098
1437
30058
5859
7817
18264
16861
5863
8107
11430
4881
28206
20072
17142
10188
27452
24263
20352
19573
5286
14743
25130
12911
29465
11872
4008
20901
15517
409
5864
2150
17691
11035
30125
28020
22557
22742
12410
2135
24534
2499
20913
25591
32098
21785
25596
12138
30287
12740
27628
24843
7003
21011
9440
4044
3199
26545
1321
30413
32301
25558
19819
22317
25559
1982
10054
11296
9136
22875
5942
25921
14262
20551
17848
6954
24560
20220
25519
29250
18932
15431
11781
8151
20909
20730
21653
17773
16219
28130
18505
5717
9947
3576
13439
31617
19497
10459
10162
10646
12579
6526
12118
23875
12432
23838
27395
12754
19040
15992
23254
17916
1333
16696
27925
8962
2339
25012
3857
6649
22452
31962
17745
2917
17712
29799
3820
19722
5915
25435
6199
8703
27646
30377
160
30980
20587
15922
14298
25877
9531
2548
13883
1088
15130
10111
5218
18611
18246
5033
17948
22553
5523
29827
31881
29991
7091
28556
29562
10097
20916
12324
11806
5507
29642
12867
26334
17709
4431
9578
13957
13854
3336
31706
13988
2740
29354
31237
9013
13075
17820
23106
16254
20085
11519
22724
568
14017
8428
15309
19697
27230
31996
11295
12975
18505
7182
29108
4566
21093
24900
26798
1355
27155
21071
17041
28890
15107
9965
26544
11477
18506
29103
3301
5374
20404
17920
20869
32423
30555
32611
31123
23064
31096
3580
6196
817
17018
27730
15971
1361
13653
8787
486
22134
2589
31129
28801
19877
31443
18155
17257
22668
12927
27911
26363
13414
12926
31902
10926
11807
8734
5537
11591
11704
15464
28091
22860
4334
20541
8223
1466
6422
1701
10883
3834
28748
25443
15212
31762
2508
13261
13741
1049
24992
24538
3370
2029
24444
20861
24802
21544
24806
26161
30253
16207
11929
7893
31041
30797
24876
443
9979
6432
30959
25340
17373
20947
11542
1806
1107
16300
13849
21400
19002
17574
5978
644
23458
29473
11273
2902
30419
25049
31556
14013
26511
31765
6019
4200
407
8737
3380
11035
9329
11773
9378
27394
11367
12375
31515
19013
29907
31159
14162
19420
20378
17402
23810
4261
5623
4097
980
17076
13946
2986
30083
19178
25680
5119
30526
1225
19396
10158
16974
25734
28678
23994
28664
17248
5675
13423
23717
17969
24950
19611
17984
4675
1238
25851
10720
17508
11695
10740
9383
24125
3037
11651
23530
7647
6903
7031
12433
29599
4304
32222
16833
2596
5444
9661
697
5310
10033
3076
26618
22521
21187
16064
28587
8307
7413
11923
2363
7146
18516
28769
8264
18585
22278
18253
20160
28357
28172
2788
31302
22675
32196
15767
24791
15388
21426
26479
22701
3011
31103
2300
18275
8391
1346
14991
5211
29716
16127
19369
6749
22879
16237
30386
23680
28785
27645
31982
590
16579
29719
16046
24355
13132
13223
9155
2262
24215
7896
26680
16795
22808
6943
8513
14632
1472
27004
3694
26903
3791
1533
2852
4236
746
8323
13390
4887
18541
4808
5712
16092
23298
30625
30524
15857
1907
18305
4425
14087
6588
7743
20865
24909
12645
3609
28345
3985
12302
9208
27846
30376
30284
246
24558
13073
25267
11549
1181
20949
18228
1905
32601
24753
18602
30513
22776
18807
23727
16987
2833
31922
22964
11630
12464
12169
19793
18547
12110
12518
3289
3390
27648
6615
13362
13042
24814
23860
1763
23235
9991
31362
26479
31232
18419
22551
22754
9552
27721
2175
16041
8508
14851
32543
20134
23533
30511
30744
27012
13367
17639
5998
19784
12759
1666
874
22057
4857
18700
32316
16802
21246
16116
17125
10181
3707
9221
10580
7890
26757
7575
21967
15624
21804
27399
30613
27835
27973
31332
23234
18087
12141
13675
20850
26244
21066
6838
14377
28123
3092
30512
6515
10519
29524
21452
13511
2783
23788
27511
27825
29091
23384
15691
24625
27509
17203
3845
13150
27675
22781
29625
19278
10594
3099
10948
314
4533
25375
27395
4318
4333
32074
28226
17951
5995
19791
20727
11760
5988
29018
6705
20086
27773
19537
32715
10858
24984
17498
15077
5056
18669
19101
148
4486
23132
4171
29401
23822
19457
3295
7632
14927
22794
14756
21802
12169
10949
9847
1501
24616
22525
19406
20506
3819
28295
15865
32128
2885
15128
9640
10127
3588
17242
8622
8799
18736
9790
30212
32658
12086
22163
11281
15751
13637
25560
2088
30416
5369
17742
30803
9703
20791
23378
24655
20764
600
6890
26327
13010
11657
6046
10278
12779
11121
24457
29111
16001
25109
23983
27471
26327
22009
13969
20797
14479
22152
21247
9184
16925
18870
3374
28779
18555
23268
13322
5861
1310
4356
22733
12660
42
4093
6865
218
23266
2385
26018
576
7778
8189
21848
4659
25232
17313
13604
16620
24912
18144
19496
15316
18935
13578
27788
28743
26883
11000
30926
19352
30729
14136
21337
15446
10734
1387
27738
22734
18266
22762
25039
20177
28522
6832
26080
184
20645
32372
24435
29604
28210
789
30971
29451
17736
21051
4496
3440
26341
17212
17477
20081
22979
1340
31158
23047
22664
13465
14304
19722
16444
24454
9270
1779
17153
15861
27633
16614
13054
8379
1703
5616
31133
23534
1823
24717
3830
12434
28260
4461
1419
31093
13592
25463
32309
8024
32523
4367
6238
6223
11532
28308
12913
30315
16639
3629
3727
18837
18480
20678
12164
22717
16359
2133
505
30261
10301
3938
9706
29527
14637
31174
27739
