31499
15073
28484
19735
32404
5485
27234
3254
14614
21774
19532
14802
6513
23601
8328
22893
23022
24585
23374
4976
13606
23009
21901
20126
25119
8881
18991
18631
7095
27887
14494
32574
14150
4263
20615
31629
3711
24014
19166
22630
16535
26836
21538
4829
3754
1400
27618
31701
22362
25568
23936
23992
30137
1001
13877
10860
1897
29372
23637
17794
24065
1698
11220
16048
8115
3353
15370
4225
23340
7975
12979
14155
4796
4078
18490
13410
695
10625
24887
20875
10011
11254
24886
14515
17522
17084
6842
13281
30714
25647
129
10602
4868
20330
31754
10340
17818
7260
3413
6492
23652
4639
6122
26444
5581
14212
284
13511
21089
20979
911
29047
9337
18034
23544
25545
795
4355
13092
31463
9244
17971
26940
31975
16775
21232
9799
25921
20035
28315
21488
1927
24047
29534
25737
19024
17425
4288
2897
3702
11888
3190
18930
5761
16062
1404
30542
610
26490
28005
9083
13157
4117
11248
32012
11361
17492
8411
7059
16945
29429
30716
21348
12392
32661
909
30363
26177
11217
4296
10080
8149
7084
27316
8041
8081
31024
32574
4289
7142
31577
23179
968
13634
21550
27789
22140
2112
18993
19668
16630
12316
249
28839
823
19817
13598
1876
8229
25862
28501
28868
18897
11086
29404
594
25339
3983
27417
3549
14808
7101
7294
24348
24595
31848
7343
9010
17425
17644
21991
28291
28537
17384
22936
21701
3828
31729
18001
18266
10033
5255
17637
11741
6957
22343
24778
27899
26545
3427
16319
20356
14364
20816
31921
1473
14434
10430
10720
12041
18517
31437
15934
8591
29731
13950
29207
25726
22048
15719
20215
4168
17862
26284
30409
2362
30714
11818
26172
18517
29841
25589
13931
9817
1299
28677
8636
23842
191
32300
20488
13111
6607
9803
11773
1441
4093
25798
21441
9209
27717
30517
16088
12997
10733
29021
25416
2053
28867
7774
22523
13832
17574
557
8804
14468
20039
3909
25958
30694
8497
25754
30577
5863
8967
10191
9198
15968
30733
20392
7133
23391
6378
29378
22972
890
30125
28290
31915
29539
18957
31307
24271
23485
1781
31476
27380
28718
30016
10873
30070
27830
30145
26608
7265
1343
646
17343
29399
29557
21853
7181
31666
5847
22424
23926
14187
23310
16142
15363
18747
22654
31842
30809
30591
25372
24200
1328
2913
31615
3972
8455
21429
22073
20085
14358
20257
28007
2771
8837
16769
20615
17653
4827
14473
9866
22486
18617
17324
5674
4120
23496
25405
2174
13385
13040
29397
31180
25190
31691
4852
19614
26269
13913
21995
21272
28503
10485
13305
648
17014
20615
2740
1343
22491
8444
11178
7840
32044
10739
15945
5494
26324
29625
30972
6283
21067
10360
30103
20854
7575
23979
9461
6580
30739
4565
9695
1530
4207
12915
816
15306
25592
15919
7479
17733
4889
22358
16989
22336
24354
23180
15112
15769
13641
19903
19647
25035
27375
15193
30862
8129
3876
19898
30892
23784
30060
16101
16731
5512
24003
28793
2320
21588
24032
16356
7124
18496
28599
27347
32234
27794
18753
6124
8626
30524
24959
22464
13517
361
18109
12795
18562
7766
10772
4830
22880
21603
17458
11504
31269
11370
30558
8944
9695
19279
21174
3597
32081
18904
23227
13402
29592
16063
15120
892
11791
12038
17791
9125
7023
22667
25149
14023
1595
2780
21871
6145
9819
588
32236
12126
30214
31047
28997
11710
19942
25570
6403
17684
3191
2486
13615
12498
19633
29167
26648
8866
28646
21920
12112
26455
32493
3162
28152
22563
9856
9980
27709
27658
21219
11468
28707
32150
11974
11975
21378
6349
2413
9526
15181
25952
26638
19330
21530
293
18043
28233
14303
24263
19200
24497
24826
31933
29071
1533
20085
2168
29210
14430
15751
16865
26177
24075
7262
13058
29229
915
6683
4099
29884
23154
30751
21337
734
22243
133
27194
12863
24566
17903
1364
30502
17890
4230
25022
6557
29340
7228
7727
1490
2217
3157
28782
31677
25648
14373
20233
25091
12883
13595
25418
16410
4799
16894
22375
9134
30594
30583
21753
30020
14110
25040
18351
30
1243
26619
14404
12638
17249
9174
21422
21102
25989
4013
29337
17054
20836
11520
13587
29711
31150
2183
1673
12241
8517
16244
7666
25928
32007
27128
20042
2260
10215
3848
15170
17840
7491
1377
17974
1819
11634
26058
18271
7350
8348
29337
26442
32302
31694
6264
11400
29210
7245
27753
4520
7207
7467
19208
14178
13938
15129
32016
1813
31285
10876
1313
22900
31654
5059
31425
30075
32028
10743
5792
31657
32116
3987
21536
4457
1459
32151
19476
24785
31212
24792
11464
16526
29029
24986
29507
6175
23029
2400
18888
21570
27312
31491
12195
32684
10695
28930
20002
21501
2473
30233
7905
22259
24942
3093
18250
22494
17526
13542
19805
24916
32077
4598
2477
29477
12242
3513
31403
6289
26265
17286
23847
11961
3981
6565
11796
28500
11226
16809
31116
5027
14090
4863
6932
9127
2413
29640
21280
17809
14783
17380
21978
8570
16901
32335
14111
11604
27576
1201
22474
29985
18213
18736
14390
13155
12820
19081
21502
19923
12712
5727
27399
2645
9094
17875
23489
4140
2617
10324
29353
2410
30934
4280
21267
30891
25051
30860
23846
5891
19805
28073
13608
20021
14947
32264
20476
8998
12173
5592
10472
9361
16121
973
1180
12795
358
6074
25968
12010
19610
3938
5358
30290
10498
17804
26256
8784
19097
22357
6090
31770
4362
13258
29003
10295
21273
18870
3457
25323
31039
18361
26715
24822
11156
8858
7250
10366
5875
21982
28842
30281
3416
4762
7413
815
1420
20613
26074
15823
15877
30033
30484
19586
1799
1596
7869
27533
30736
6114
19917
31643
5235
28757
478
21610
9027
3951
31794
12228
15986
4455
27126
16561
23866
8099
25032
19179
23996
25549
23160
20114
20968
12585
32523
7201
5020
22566
1030
25761
25616
22579
25065
6684
6769
25555
6393
13397
9676
27380
25154
11702
26158
8061
29149
19594
8458
10278
11887
3180
5338
30092
498
15359
28681
28037
10168
8928
12049
24752
7084
17369
9697
32337
3804
3928
14465
14940
1332
6687
1784
22992
140
11324
4206
6470
23782
15420
4494
8650
16880
10908
8750
16361
19921
20864
22066
4363
23841
15527
26029
6916
5177
7583
8266
485
3502
20533
12267
20504
21016
816
28303
1196
32024
22847
21369
23533
13209
5679
15247
1592
20309
11361
4352
16653
25499
15996
5673
1638
32592
26975
22458
17991
20533
27226
2580
24215
2919
30109
22006
17710
16172
20720
22617
6191
29164
1701
22936
2200
12926
17611
32724
21271
32166
15525
151
15136
7387
5723
5559
15420
25165
19694
14718
26020
26150
1649
28167
5134
10512
15479
5099
32199
16376
18632
5150
17666
27922
10840
24851
1136
18974
5753
4903
2576
26601
10831
9276
13385
1814
20612
3748
9526
19998
12094
21314
16449
8342
12878
10987
9715
31665
1451
26386
8714
31749
5150
17829
16332
28818
24126
15410
30876
7936
15775
32334
12491
7464
26695
17207
30384
25558
18529
3768
14331
32461
31798
333
24902
32268
4696
29576
7149
3152
22048
24755
7712
20186
16475
25783
16694
29298
24641
20797
21060
2476
20647
7698
20719
8298
3445
14544
4222
10402
15705
30651
28468
9314
17341
13289
6108
12561
12023
20134
421
22519
22208
9750
8752
18432
16104
15644
1512
23740
4680
6779
17042
5803
18935
9019
30756
26808
21697
29775
21467
32515
21204
32628
18824
25315
14781
28508
30507
8236
29843
5900
26306
20397
21618
28803
8803
11005
25899
28316
20105
3448
31290
9781
16044
1668
2041
4753
14356
24857
7443
30971
22254
17536
4154
12204
18848
21082
13853
19439
22106
26085
13204
31619
24301
22651
16414
3393
22241
28507
27790
27902
24513
22188
16897
5811
32698
19903
19731
17628
9829
26773
26963
24093
29664
2721
24820
26155
30243
32462
13509
30186
20625
20676
8291
32467
462
19303
11948
23961
15313
16545
29304
12
570
32354
14212
8765
741
5349
16303
26339
23743
21044
24681
20221
18648
5870
5224
21689
22970
26696
21916
11669
17658
25426
21350
30660
27404
30076
22789
22227
4443
32344
30801
17292
665
16033
19627
4891
2388
14461
27188
31087
30923
25855
19773
2787
14335
25328
24063
286
781
719
23692
18231
22202
21526
18694
4381
14928
6079
7183
567
23465
15367
25472
10055
12681
17778
5982
18324
6193
18703
15114
20808
7216
23549
7863
25879
26493
7214
21793
17697
1219
13931
12669
11034
27900
3480
25003
18856
4929
26426
30899
32012
25312
16694
32111
28421
25520
13531
20869
12785
30881
2851
1177
5942
27799
26166
26560
17632
16761
9264
30007
20108
30084
24356
24661
21892
13030
11873
25022
29739
7560
3316
5082
30876
13099
2414
29573
12942
29110
8935
22792
22651
14286
30530
32072
18433
5032
9907
24382
9608
29723
4223
7591
7973
28666
19715
6397
22206
6048
2296
29093
14191
1228
9717
13930
14893
7344
17461
22314
23977
14404
6555
12239
21879
9952
14835
16257
13424
16138
13435
24603
5717
29069
10914
4571
3253
4811
17423
12125
21264
20051
9189
7626
3644
30902
17222
19789
6920
13207
21782
7622
12320
6146
5889
31683
22320
23295
13247
18860
332
8294
6806
26941
14992
28660
28705
31033
16643
159
31825
7005
705
20007
14769
22163
18266
11502
27118
26985
2165
20489
21398
8385
15801
30103
3360
1738
8173
11601
31021
32303
10077
28003
22541
7566
18816
27003
4741
24363
14809
24607
8655
30950
12827
21059
14563
28778
1424
22811
4853
16296
955
3630
2879
7556
28221
14764
25088
16077
1525
15105
21189
9075
29547
24490
24551
17396
3695
7239
30549
13080
18685
23538
21651
2014
16740
22992
17411
9142
16295
14565
11108
10480
8740
20013
31640
13685
32115
20712
28586
13749
29585
25909
15631
25568
1598
13538
6444
18265
26787
2691
14361
18536
5176
8897
10405
11311
9445
10229
12698
3295
16488
3062
5186
8747
3318
13358
22569
28157
31525
11252
1061
8552
26377
20758
26772
19935
21661
11956
24293
13988
19301
31317
8794
22146
5458
26420
9739
28095
25830
17371
3119
11341
9880
5619
8855
19520
378
10331
2171
12421
19225
16247
24953
23504
29349
26571
14811
21462
10066
4808
25
17597
15869
30181
14238
30928
6675
24562
18639
30840
7599
30889
4682
26215
25858
7815
8043
27671
20728
22234
10261
19059
9496
1050
15791
25300
15533
22140
18796
19502
6947
10949
16336
18572
23475
19292
11632
11961
17475
18340
249
7232
32647
21896
13939
919
17005
29016
18375
27288
24760
12243
1663
27952
5354
30341
17102
22619
32616
3667
25552
29008
8409
17492
21778
15608
21455
3298
27989
23461
2473
23793
12943
19713
20152
11680
7987
12357
22944
24078
19634
21675
10753
26479
10050
11813
31319
5983
3806
591
2335
17525
2446
24994
32060
12572
27368
16619
27032
4254
5335
18172
13326
25218
13723
8866
25480
6168
10001
31959
6500
14418
21301
23352
14877
30165
16869
1721
2343
27472
13288
19095
15386
29197
28462
8078
18707
18118
8281
5965
29783
28857
30077
7207
24890
7934
22052
22795
10816
28697
23702
23990
17537
22476
29783
21287
12882
5935
16880
21587
18721
31490
14322
16155
3745
21569
32057
4475
28968
24313
2158
9988
24405
2907
5327
27276
757
23822
21555
20516
8999
21706
584
11082
29119
6179
15648
13664
18409
19362
18156
22621
5647
21274
5383
4547
2812
27705
20534
465
13889
22366
10798
31481
10711
682
11350
9620
24327
27482
25551
3029
25223
10580
3762
8699
3046
22783
11928
7883
17449
22360
9312
14398
8119
1091
14636
6263
20338
32542
14509
7927
11559
4508
161
16916
26408
15569
10649
9383
3895
7305
11520
13318
4262
5342
11353
25138
20925
32266
15816
20561
1116
17017
25044
32094
27105
8995
1643
19743
3660
5656
15142
31575
16034
29532
31439
20286
16015
25590
11809
9006
334
18244
19406
5279
27086
657
14791
28757
22029
28393
21431
11992
31176
22828
15056
5413
19543
18530
21195
19875
3539
32334
4138
3416
10105
26182
31681
6493
27475
26178
3956
16527
30485
17970
20546
7560
15941
8597
18819
13518
32670
5959
19821
17225
10679
11162
7901
20731
29408
4265
26709
23531
10316
18665
9280
12130
30838
22529
23166
15194
15549
30172
22300
52
1617
30716
15971
25257
29267
25873
8725
31747
2360
26314
31731
14989
11631
3563
12674
26184
23875
7328
1295
24031
19458
19216
6129
8157
5727
14902
25102
29726
5653
2284
17057
18819
6349
16201
3642
7146
32322
1069
15878
30302
419
20762
9296
25994
12857
6214
19016
28276
24393
4334
23299
23912
31548
7660
16324
305
14845
652
20858
9872
28323
22940
17289
26598
27728
706
11213
9524
28248
31251
19420
14405
19366
19936
32652
14634
31068
9939
29878
26343
8378
5691
4153
2156
19521
7845
9281
22983
28696
10924
23497
22935
20910
26130
32606
2756
4769
11535
30502
32365
25311
1512
11810
14882
7691
22724
15024
20052
22562
22972
28756
12553
7518
22833
16055
12500
26970
28258
496
5125
6520
12349
10243
14365
24192
28790
20391
17797
29065
11479
17485
19327
4125
10967
31581
22620
920
29037
30403
25072
14289
5414
12458
4675
9468
2678
29831
19593
4303
29259
18778
32340
27364
5352
20785
4361
18527
32497
16877
3984
17104
29890
23368
21584
15963
12293
32279
21339
23318
7044
18637
21733
5554
315
23873
13307
23390
24242
13233
30066
5352
21386
7942
19229
27941
24149
26201
22339
22164
23467
6071
17487
5182
31610
30753
1226
18912
8349
13527
20359
22348
24240
14807
11293
781
2595
20896
9114
14410
3726
29243
26998
23533
32580
23420
4294
32003
5675
27270
8626
25702
5323
18061
9001
18330
15268
19168
27860
8950
19397
21030
21832
32516
18074
18151
4223
9514
24582
7503
21129
1929
22193
6703
2687
24613
9892
2885
18873
19270
18963
21693
11072
24863
31865
30711
20358
4782
13291
30603
16469
19939
17573
15499
20742
11524
25322
24840
20211
13648
30475
983
5679
26851
30661
2452
24180
12249
16079
28392
21596
23734
2996
4104
21204
20486
10463
2430
20686
32576
26356
5676
22327
25328
25191
3726
4905
4117
18247
27967
22625
200
1882
31935
10227
20511
13935
4723
3900
27985
240
31469
29465
2587
28855
31598
6998
18530
29730
3241
4714
27417
23402
13002
11617
3685
16432
5815
20505
11007
2905
17558
16817
26843
3356
13199
9535
1287
23385
31443
27329
20181
27181
22493
19543
60
4803
27128
11183
30076
31853
18177
25536
2049
7155
19822
25275
4234
15659
22415
8254
21642
19145
13332
17355
25294
18553
2000
3962
9057
13099
31932
25322
7853
15278
25151
27261
16354
3969
8876
20165
5788
9190
12813
30777
23488
14135
23071
15149
15782
31869
1949
1
14206
9535
31937
15256
30700
15768
3337
19467
6902
3724
17975
3487
15136
31388
10907
15349
7637
2200
24724
29569
32521
4277
31573
26429
16413
16352
16613
7839
32259
25937
4457
20424
21154
15970
21414
10750
17788
13474
2754
9308
12174
16933
31050
9416
5751
28703
30074
4902
17117
9137
21176
11467
5645
11523
1121
11317
25313
19603
24008
6393
19943
8909
4988
21500
30911
15835
25034
13286
31941
14782
31875
17876
30961
9886
11264
1614
14075
10590
15202
9848
11202
2676
7198
12684
22254
9976
25274
9863
17876
30714
209
23075
15771
9241
24669
13574
20637
20305
17462
8761
25360
7445
4565
16859
25318
6302
26718
13335
14065
30594
10462
4179
10571
27272
21456
23722
20725
28859
24551
6557
16062
24765
28167
13829
29031
7262
32404
32588
21764
8813
3056
25053
20901
29391
11839
3545
11574
30925
11374
21516
17572
28594
7795
20255
24642
30102
1238
11535
10090
16501
31088
11486
30567
10628
23923
9352
8594
708
10410
9016
21692
27351
15874
956
13772
4883
26954
822
27561
11221
27191
12309
8795
27415
12459
17732
18797
24901
11830
17825
4501
4173
24798
27569
28055
30966
31515
16786
6758
4722
19750
30001
29324
24630
21363
15549
4301
6665
3708
24411
1543
6747
1985
13851
9821
1753
10253
14634
12692
26430
17146
27978
23229
7788
31671
17792
29461
31163
26377
19724
15401
19089
3728
11678
9534
15923
14668
26055
30703
26586
7520
17326
14360
12554
24341
30724
15091
9247
289
21818
14721
17705
10794
3825
25132
27897
25478
3506
11690
23164
13637
10975
31524
28232
17265
26857
14232
17525
20628
31684
5244
8366
18811
13720
4516
24711
15930
11194
24165
26641
27760
10202
22011
15533
16076
14718
6952
16925
26064
31663
5918
19937
28117
25329
24479
1216
30288
10105
18531
13989
28243
8091
9146
11436
31319
7810
30322
7549
26424
11043
8955
15321
20097
9075
20425
4978
20458
8152
3322
10240
1055
10974
32057
2705
3267
8492
1506
22816
26037
19894
19046
23658
23442
5684
30450
14333
19323
19410
7755
24722
4120
29737
12029
19612
16348
7790
17332
4897
8331
6377
21226
27849
29690
6825
450
19253
535
13687
7732
31377
1064
9224
1131
365
21848
18551
29547
13000
3183
28402
5367
9838
25313
10419
15538
2949
3338
21297
8836
2402
26552
8088
7231
8865
7914
11895
6787
20084
12759
5049
27871
15419
30770
22231
4408
30037
3245
17228
4719
20790
16572
7496
14910
28602
32155
3752
6755
11705
13970
24614
12545
18396
20600
21197
11331
8111
8822
11697
4418
22263
29709
21468
18985
13637
7258
30347
24471
3019
9881
14235
24900
2927
8169
20542
16872
16670
29262
4082
10840
11363
28924
18356
2034
9272
31187
30064
23100
32284
20518
17341
968
11109
5312
12743
8795
16600
32553
30604
12877
7287
15397
31308
307
7578
5502
25914
13244
9025
18179
14968
25305
17577
9425
28738
5153
30749
30417
28266
4467
7183
11650
4
25565
5735
21497
3426
30140
32283
25382
12867
8229
768
23128
1095
10116
2016
16643
7590
27523
8908
30146
16418
20014
30643
28312
9274
5716
8500
20091
18593
20784
7089
29715
21998
30536
26277
26047
27285
22678
20535
16089
25366
5094
7951
571
29300
7551
3688
30209
7913
6405
20582
27793
30424
2718
2730
7897
4611
9044
293
31704
13054
11451
25385
4448
7396
22483
28358
29210
29000
29487
24147
15562
10862
19543
21579
10452
1467
16492
14683
15360
29291
16394
16568
3450
22658
19058
1718
14877
19461
9193
32151
28144
105
19291
7328
9969
4172
29508
1395
5394
28003
465
5016
15234
3252
23618
2653
14125
8965
402
21728
20102
1428
14426
3178
11908
776
21491
14590
30954
18600
21722
50
1996
10187
26713
13886
2639
20367
2916
1363
24240
20174
21698
7982
19848
29262
10861
11500
2638
21304
26170
28960
7453
10700
11708
20515
6583
14418
358
12971
18379
25172
18161
30367
8307
17418
21245
25130
17665
24086
13819
19727
21243
10610
20554
29756
14692
10150
29088
11169
29501
17214
1964
25154
19276
5243
8186
11403
3356
24137
16662
18660
18245
22385
24308
21126
749
5136
28303
5773
5263
9032
23761
16206
27132
13621
27827
18922
31135
23842
16549
31268
14084
17405
4912
16495
12444
24329
25306
17995
15034
32467
5450
5330
19426
19047
21932
2446
28227
31427
12887
3470
27266
27276
15789
17081
4025
19968
13891
7010
15552
10028
31299
4124
3755
19039
18958
26575
22675
1758
7717
17931
18586
18393
5193
29597
24105
16798
14305
5472
5500
32525
10653
17750
27745
25420
27225
16887
9276
29628
19780
10185
25935
32299
21825
26929
10040
28491
397
30857
699
28002
19874
22642
20674
2884
26716
1644
15010
10111
26203
29604
8096
19413
29608
12
29620
8431
18587
11185
31629
19023
26108
29258
2516
16007
23656
1292
8629
28584
8950
22214
8860
22526
16667
11817
24892
16122
20427
12903
20950
19056
5601
9729
10168
12291
17345
17369
3588
6877
4668
29327
23986
6563
18612
16906
29912
10407
28288
26453
4905
11360
11153
10925
24508
28696
7254
31704
31760
31973
7390
8376
18508
23770
20285
12831
15563
7806
24880
23269
31959
11389
21764
3384
1717
19870
20915
8756
9443
24821
15953
6067
1181
10842
11430
24679
5541
17178
22301
31270
5956
748
13789
16004
30348
29990
28469
8615
25057
11824
10045
21335
13752
5433
29370
30293
9885
30250
28995
25070
19579
28632
21154
8655
29464
4734
19325
10267
21471
17002
15670
26043
7394
13046
5391
15606
26911
3514
9874
577
3586
6656
1328
32600
25132
30840
8488
11405
24947
18222
11178
5216
21034
16824
1596
5457
20386
12724
16734
30194
24048
17266
28265
32576
27377
4845
18621
4403
24716
1280
31259
26004
11319
16598
32336
29967
24509
23971
27156
12937
20286
6289
6449
4276
20599
9982
2024
1504
32579
30948
23440
532
11106
32664
24192
2909
21370
19640
29487
29798
20827
7518
17050
24905
7047
9626
10726
3749
16370
12320
11079
3825
31750
26173
26144
29199
5610
21520
23148
2852
23300
31990
31580
18600
26557
5190
21825
21177
7300
11839
19117
25525
25621
32062
11477
3847
12027
28468
13114
27201
18515
16216
5769
19564
26580
20505
21183
6043
9484
24919
21648
16583
12268
30418
5642
2518
29319
739
28278
8701
23
10602
6527
8264
30017
12039
14742
3191
11674
26765
22932
27148
29289
16051
12705
31138
1711
6669
13141
9344
13412
19259
8478
18030
16132
17249
13538
18888
24394
12503
6629
18896
11323
21537
15852
12104
5479
8481
15779
31553
21100
139
28732
13358
27579
17818
22105
10556
16543
11265
28716
32742
11899
29221
16092
16323
15699
25481
29995
20643
30093
26505
6999
7899
17145
26700
10813
23005
2320
9716
25028
268
19577
18967
24185
13006
5586
20339
12919
29154
29100
4573
1418
21748
12759
6779
148
21614
21473
31795
2095
10898
12505
21603
2707
31174
23128
17363
25787
11566
18627
29672
8899
18304
16074
31770
8085
5140
1588
15271
18372
28219
27103
31625
952
4818
4354
27814
3340
12311
8118
22088
13108
10171
16565
2252
21347
14136
31841
26782
1963
31332
264
9573
20839
31814
16486
29050
17110
18985
1643
19871
27656
15600
27967
15598
3838
27817
21124
29967
24333
613
12763
24238
20355
23622
2217
31276
13709
14297
10011
31893
16728
22182
4711
14547
4727
20742
23637
10529
27525
2869
5119
11458
18699
168
13268
19954
24483
22945
12515
9245
17758
32512
3927
9807
19044
8284
8253
492
17626
24658
19598
18849
21513
6941
4457
4250
24252
31591
4512
17909
20713
20831
24694
25719
23700
24588
27047
19070
16881
5345
6825
20023
25289
23953
12594
25105
9502
4133
21242
23922
26898
6475
21186
15784
5637
25841
18069
29474
766
13586
21326
3808
15948
23248
20826
25640
30829
1476
11967
29307
5678
7570
12893
11207
11796
22976
1140
27358
29947
3016
8295
11815
24061
20331
5056
27283
29077
5449
11891
2771
8196
15279
2151
28361
4852
10672
50
32572
16988
8311
5925
10703
20643
14043
20104
22836
29192
13108
27174
15773
25409
14189
15373
31091
13154
29531
23951
1611
25857
20813
31116
26134
10904
20709
3060
29847
16938
1062
14983
27931
13354
25293
10975
30820
31128
26597
31153
22246
19821
11670
14160
31542
11577
31550
3442
10431
19723
31171
29239
27319
657
551
3175
30545
27520
14940
11515
21300
21302
29786
480
18733
7071
880
26103
2592
11605
31703
29280
2373
13067
4237
13560
26768
9259
864
12320
2417
25278
23369
1985
5566
28813
21756
32653
5358
32645
16829
11911
24967
24928
18549
3013
4825
6786
15621
14452
12013
7201
474
11038
14521
27049
10178
8232
28309
11615
16382
29599
19699
68
5272
18484
10570
26940
15095
8068
31059
22383
13488
18333
6776
7152
4767
16830
11658
9885
20023
1631
23218
2630
19734
19057
4522
3089
17116
10727
6700
16924
25918
23413
2219
1381
9814
20888
27458
15079
26941
27862
17130
14342
25820
9031
7407
17965
10495
16724
24741
2486
31147
10175
9559
20490
29874
10980
9344
2313
13700
30526
7229
28588
27464
7980
13827
9704
5420
13813
17805
18390
22777
7178
29721
14866
10218
24716
11220
14177
9662
23566
22419
24982
1548
26780
19139
22966
21463
23292
26019
9050
22370
8499
18865
22357
3653
10828
12897
27031
27073
31572
17941
1617
18257
5545
29514
19034
22401
4725
11791
23250
26371
6005
8636
8197
15872
2303
10976
10129
2476
7491
11643
29132
1053
13521
7022
11872
20061
7259
16175
11320
12478
7100
7873
160
13677
30266
2788
10663
20810
16392
11913
12232
3831
11535
12936
2762
28719
15599
18837
19941
31066
26688
14449
24358
7006
13085
11869
15893
28599
18659
468
7572
31434
1334
9593
21770
26742
3653
26959
27841
30445
25679
23592
18829
962
2663
24928
15279
28483
11380
20170
29944
18952
26235
9963
10802
204
4385
17254
25531
31356
14187
952
16755
23694
6601
21541
13784
27028
25171
8434
31856
11793
28242
2517
20328
28555
20738
27050
8314
4577
29590
1639
22804
26335
30333
32082
26038
7184
14308
16242
4251
15059
9084
12867
28573
28337
12157
18606
26963
1518
10987
10295
5500
24670
16664
11897
31904
16506
22122
27343
31476
12979
8798
24661
19071
32519
10957
9231
30843
22737
1134
11111
18942
16613
31901
24285
21465
19932
4186
17658
18880
20141
21653
22917
18604
31614
13225
25850
8318
10425
9254
26680
24805
12385
15571
28794
11649
1447
18931
26504
7497
9912
18376
13359
