1
2
3
4
5
6
7
8
9
10
11
12
13
14
15
16
17
18
19
20
21
22
23
24
25
26
27
28
29
30
31
32
33
34
35
36
37
38
39
40
41
42
43
44
45
46
47
48
49
50
51
52
53
54
55
56
57
58
59
60
61
62
63
64
65
66
67
68
69
70
71
72
73
74
75
76
77
78
79
80
81
82
83
84
85
86
87
88
89
90
91
92
93
94
95
96
97
98
99
100
101
102
103
104
105
106
107
108
109
110
111
112
113
114
115
116
117
118
119
120
121
122
123
124
125
126
127
128
129
130
131
132
133
134
135
136
137
138
139
140
141
142
143
144
145
146
147
148
149
150
151
152
153
154
155
156
157
158
159
160
161
162
163
164
165
166
167
168
169
170
171
172
173
174
175
176
177
178
179
180
181
182
183
184
185
186
187
188
189
190
191
192
193
194
195
196
197
198
199
200
201
202
203
204
205
206
207
208
209
210
211
212
213
214
215
216
217
218
219
220
221
222
223
224
225
226
227
228
229
230
231
232
233
234
235
236
237
238
239
240
241
242
243
244
245
246
247
248
249
250
251
252
253
254
255
256
257
258
259
260
261
262
263
264
265
266
267
268
269
270
271
272
273
274
275
276
277
278
279
280
281
282
283
284
285
286
287
288
289
290
291
292
293
294
295
296
297
298
299
300
301
302
303
304
305
306
307
308
309
310
311
312
313
314
315
316
317
318
319
320
321
322
323
324
325
326
327
328
329
330
331
332
333
334
335
336
337
338
339
340
341
342
343
344
345
346
347
348
349
350
351
352
353
354
355
356
357
358
359
360
361
362
363
364
365
366
367
368
369
370
371
372
373
374
375
376
377
378
379
380
381
382
383
384
385
386
387
388
389
390
391
392
393
394
395
396
397
398
399
400
401
402
403
404
405
406
407
408
409
410
411
412
413
414
415
416
417
418
419
420
421
422
423
424
425
426
427
428
429
430
431
432
433
434
435
436
437
438
439
440
441
442
443
444
445
446
447
448
449
450
451
452
453
454
455
456
457
458
459
460
461
462
463
464
465
466
467
468
469
470
471
472
473
474
475
476
477
478
479
480
481
482
483
484
485
486
487
488
489
490
491
492
493
494
495
496
497
498
499
500
501
502
503
504
505
506
507
508
509
510
511
512
513
514
515
516
517
518
519
520
521
522
523
524
525
526
527
528
529
530
531
532
533
534
535
536
537
538
539
540
541
542
543
544
545
546
547
548
549
550
551
552
553
554
555
556
557
558
559
560
561
562
563
564
565
566
567
568
569
570
571
572
573
574
575
576
577
578
579
580
581
582
583
584
585
586
587
588
589
590
591
592
593
594
595
596
597
598
599
600
601
602
603
604
605
606
607
608
609
610
611
612
613
614
615
616
617
618
619
620
621
622
623
624
625
626
627
628
629
630
631
632
633
634
635
636
637
638
639
640
641
642
643
644
645
646
647
648
649
650
651
652
653
654
655
656
657
658
659
660
661
662
663
664
665
666
667
668
669
670
671
672
673
674
675
676
677
678
679
680
681
682
683
684
685
686
687
688
689
690
691
692
693
694
695
696
697
698
699
700
701
702
703
704
705
706
707
708
709
710
711
712
713
714
715
716
717
718
719
720
721
722
723
724
725
726
727
728
729
730
731
732
733
734
735
736
737
738
739
740
741
742
743
744
745
746
747
748
749
750
751
752
753
754
755
756
757
758
759
760
761
762
763
764
765
766
767
768
769
770
771
772
773
774
775
776
777
778
779
780
781
782
783
784
785
786
787
788
789
790
791
792
793
794
795
796
797
798
799
800
801
802
803
804
805
806
807
808
809
810
811
812
813
814
815
816
817
818
819
820
821
822
823
824
825
826
827
828
829
830
831
832
833
834
835
836
837
838
839
840
841
842
843
844
845
846
847
848
849
850
851
852
853
854
855
856
857
858
859
860
861
862
863
864
865
866
867
868
869
870
871
872
873
874
875
876
877
878
879
880
881
882
883
884
885
886
887
888
889
890
891
892
893
894
895
896
897
898
899
900
901
902
903
904
905
906
907
908
909
910
911
912
913
914
915
916
917
918
919
920
921
922
923
924
925
926
927
928
929
930
931
932
933
934
935
936
937
938
939
940
941
942
943
944
945
946
947
948
949
950
951
952
953
954
955
956
957
958
959
960
961
962
963
964
965
966
967
968
969
970
971
972
973
974
975
976
977
978
979
980
981
982
983
984
985
986
987
988
989
990
991
992
993
994
995
996
997
998
999
1000
1001
1002
1003
1004
1005
1006
1007
1008
1009
1010
1011
1012
1013
1014
1015
1016
1017
1018
1019
1020
1021
1022
1023
1024
1025
1026
1027
1028
1029
1030
1031
1032
1033
1034
1035
1036
1037
1038
1039
1040
1041
1042
1043
1044
1045
1046
1047
1048
1049
1050
1051
1052
1053
1054
1055
1056
1057
1058
1059
1060
1061
1062
1063
1064
1065
1066
1067
1068
1069
1070
1071
1072
1073
1074
1075
1076
1077
1078
1079
1080
1081
1082
1083
1084
1085
1086
1087
1088
1089
1090
1091
1092
1093
1094
1095
1096
1097
1098
1099
1100
1101
1102
1103
1104
1105
1106
1107
1108
1109
1110
1111
1112
1113
1114
1115
1116
1117
1118
1119
1120
1121
1122
1123
1124
1125
1126
1127
1128
1129
1130
1131
1132
1133
1134
1135
1136
1137
1138
1139
1140
1141
1142
1143
1144
1145
1146
1147
1148
1149
1150
1151
1152
1153
1154
1155
1156
1157
1158
1159
1160
1161
1162
1163
1164
1165
1166
1167
1168
1169
1170
1171
1172
1173
1174
1175
1176
1177
1178
1179
1180
1181
1182
1183
1184
1185
1186
1187
1188
1189
1190
1191
1192
1193
1194
1195
1196
1197
1198
1199
1200
1201
1202
1203
1204
1205
1206
1207
1208
1209
1210
1211
1212
1213
1214
1215
1216
1217
1218
1219
1220
1221
1222
1223
1224
1225
1226
1227
1228
1229
1230
1231
1232
1233
1234
1235
1236
1237
1238
1239
1240
1241
1242
1243
1244
1245
1246
1247
1248
1249
1250
1251
1252
1253
1254
1255
1256
1257
1258
1259
1260
1261
1262
1263
1264
1265
1266
1267
1268
1269
1270
1271
1272
1273
1274
1275
1276
1277
1278
1279
1280
1281
1282
1283
1284
1285
1286
1287
1288
1289
1290
1291
1292
1293
1294
1295
1296
1297
1298
1299
1300
1301
1302
1303
1304
1305
1306
1307
1308
1309
1310
1311
1312
1313
1314
1315
1316
1317
1318
1319
1320
1321
1322
1323
1324
1325
1326
1327
1328
1329
1330
1331
1332
1333
1334
1335
1336
1337
1338
1339
1340
1341
1342
1343
1344
1345
1346
1347
1348
1349
1350
1351
1352
1353
1354
1355
1356
1357
1358
1359
1360
1361
1362
1363
1364
1365
1366
1367
1368
1369
1370
1371
1372
1373
1374
1375
1376
1377
1378
1379
1380
1381
1382
1383
1384
1385
1386
1387
1388
1389
1390
1391
1392
1393
1394
1395
1396
1397
1398
1399
1400
1401
1402
1403
1404
1405
1406
1407
1408
1409
1410
1411
1412
1413
1414
1415
1416
1417
1418
1419
1420
1421
1422
1423
1424
1425
1426
1427
1428
1429
1430
1431
1432
1433
1434
1435
1436
1437
1438
1439
1440
1441
1442
1443
1444
1445
1446
1447
1448
1449
1450
1451
1452
1453
1454
1455
1456
1457
1458
1459
1460
1461
1462
1463
1464
1465
1466
1467
1468
1469
1470
1471
1472
1473
1474
1475
1476
1477
1478
1479
1480
1481
1482
1483
1484
1485
1486
1487
1488
1489
1490
1491
1492
1493
1494
1495
1496
1497
1498
1499
1500
1501
1502
1503
1504
1505
1506
1507
1508
1509
1510
1511
1512
1513
1514
1515
1516
1517
1518
1519
1520
1521
1522
1523
1524
1525
1526
1527
1528
1529
1530
1531
1532
1533
1534
1535
1536
1537
1538
1539
1540
1541
1542
1543
1544
1545
1546
1547
1548
1549
1550
1551
1552
1553
1554
1555
1556
1557
1558
1559
1560
1561
1562
1563
1564
1565
1566
1567
1568
1569
1570
1571
1572
1573
1574
1575
1576
1577
1578
1579
1580
1581
1582
1583
1584
1585
1586
1587
1588
1589
1590
1591
1592
1593
1594
1595
1596
1597
1598
1599
1600
1601
1602
1603
1604
1605
1606
1607
1608
1609
1610
1611
1612
1613
1614
1615
1616
1617
1618
1619
1620
1621
1622
1623
1624
1625
1626
1627
1628
1629
1630
1631
1632
1633
1634
1635
1636
1637
1638
1639
1640
1641
1642
1643
1644
1645
1646
1647
1648
1649
1650
1651
1652
1653
1654
1655
1656
1657
1658
1659
1660
1661
1662
1663
1664
1665
1666
1667
1668
1669
1670
1671
1672
1673
1674
1675
1676
1677
1678
1679
1680
1681
1682
1683
1684
1685
1686
1687
1688
1689
1690
1691
1692
1693
1694
1695
1696
1697
1698
1699
1700
1701
1702
1703
1704
1705
1706
1707
1708
1709
1710
1711
1712
1713
1714
1715
1716
1717
1718
1719
1720
1721
1722
1723
1724
1725
1726
1727
1728
1729
1730
1731
1732
1733
1734
1735
1736
1737
1738
1739
1740
1741
1742
1743
1744
1745
1746
1747
1748
1749
1750
1751
1752
1753
1754
1755
1756
1757
1758
1759
1760
1761
1762
1763
1764
1765
1766
1767
1768
1769
1770
1771
1772
1773
1774
1775
1776
1777
1778
1779
1780
1781
1782
1783
1784
1785
1786
1787
1788
1789
1790
1791
1792
1793
1794
1795
1796
1797
1798
1799
1800
1801
1802
1803
1804
1805
1806
1807
1808
1809
1810
1811
1812
1813
1814
1815
1816
1817
1818
1819
1820
1821
1822
1823
1824
1825
1826
1827
1828
1829
1830
1831
1832
1833
1834
1835
1836
1837
1838
1839
1840
1841
1842
1843
1844
1845
1846
1847
1848
1849
1850
1851
1852
1853
1854
1855
1856
1857
1858
1859
1860
1861
1862
1863
1864
1865
1866
1867
1868
1869
1870
1871
1872
1873
1874
1875
1876
1877
1878
1879
1880
1881
1882
1883
1884
1885
1886
1887
1888
1889
1890
1891
1892
1893
1894
1895
1896
1897
1898
1899
1900
1901
1902
1903
1904
1905
1906
1907
1908
1909
1910
1911
1912
1913
1914
1915
1916
1917
1918
1919
1920
1921
1922
1923
1924
1925
1926
1927
1928
1929
1930
1931
1932
1933
1934
1935
1936
1937
1938
1939
1940
1941
1942
1943
1944
1945
1946
1947
1948
1949
1950
1951
1952
1953
1954
1955
1956
1957
1958
1959
1960
1961
1962
1963
1964
1965
1966
1967
1968
1969
1970
1971
1972
1973
1974
1975
1976
1977
1978
1979
1980
1981
1982
1983
1984
1985
1986
1987
1988
1989
1990
1991
1992
1993
1994
1995
1996
1997
1998
1999
2000
30666
26741
27873
11206
23628
19977
19991
28813
31231
16667
24480
3570
29964
31360
18191
25360
178
11977
15293
2730
19004
7530
26976
876
4144
6940
24799
11635
14794
7039
2917
16656
680
32260
21429
8905
3783
8714
31165
14497
31406
1607
17517
9370
15337
30570
1481
2167
26041
4606
9533
14022
9738
7058
9265
29982
3749
30487
20702
13222
32423
14473
7008
24022
16434
7122
16652
10370
11874
25323
16899
276
30595
24388
21767
537
20353
10854
19854
4351
9887
20951
10261
2332
14444
31293
12471
6131
1780
15815
30718
11955
5683
18889
2553
11521
31695
32678
7055
10487
5894
7411
8722
30829
1252
11993
2328
24439
9402
21691
31366
2094
16589
5657
27885
10164
12107
20405
27674
29810
32643
31732
20456
20900
1876
23174
21849
21528
25830
15177
19941
1074
18585
28779
22802
308
6971
11216
23621
27068
21630
19379
11480
11663
5545
23183
8300
11412
23693
17984
30593
18212
25275
4709
22084
17281
31988
2570
16295
11427
3809
13444
18103
3643
26372
4507
27179
12786
5871
24815
20024
16881
7092
30868
18605
29863
27292
28416
29499
9670
13852
7207
14356
143
32516
13796
3257
8016
17914
2971
20236
17451
28967
9501
30893
3864
14896
18635
7299
21805
14440
11519
25241
32030
23364
22695
30252
1280
26895
30515
6658
5458
21982
9138
22269
17725
1735
28471
30959
29723
21838
9858
19888
23607
26400
6876
23150
17107
11780
29251
31557
26992
9230
17095
8463
9289
6165
32052
8574
14881
7784
27377
19816
28990
31165
17192
16737
28086
4202
6951
9359
17641
16856
13831
18874
27215
12340
30603
26275
22900
21095
32330
21911
8512
25161
10513
5443
13436
31505
2947
31434
9106
31761
5634
18965
9108
928
29907
10347
1664
5719
27260
7489
2243
18048
10609
5459
6139
28619
28912
7155
30465
23363
28970
16033
25383
24449
15011
20189
7870
20767
15579
30265
1244
22384
6190
20658
2652
31086
18169
320
20517
30452
25086
29868
10928
16942
1034
18082
17092
11597
4309
32007
13188
8319
25385
3468
18860
27678
9798
24964
18456
2855
24198
19443
21894
27119
25917
9703
30620
1297
23523
1291
16173
29867
23157
16505
2488
14282
23832
14288
31793
21538
13568
4230
6916
7683
144
23936
9048
15496
28354
25824
2448
15890
20938
30751
16664
20724
17654
4699
12638
29808
27097
12530
31774
13795
168
6735
30947
20028
24548
1796
2507
13234
3897
24857
11658
29623
2471
3492
29361
26919
27359
29850
12337
8902
3056
15077
10010
3561
21282
25271
29097
14707
15138
17949
25474
17667
21856
8151
16186
20588
19382
5735
25880
32614
9546
32104
24349
25987
21173
16673
28225
28260
17765
12378
32000
5676
5695
6254
6933
1589
32649
26530
26246
27138
11784
18869
1504
4213
11621
29369
6084
11586
29654
3105
15266
20132
20730
30746
6085
23375
17412
24351
144
11429
32027
15303
9479
6444
3585
22754
25745
832
3571
30149
12795
16389
13521
1250
10177
27296
12671
14492
12681
30631
16267
21081
28401
7381
16400
26584
13194
24835
23002
4805
18468
26707
25802
16010
20813
20655
9340
2153
32532
12914
5672
26055
27155
6500
21958
1227
16812
2540
24182
6952
12178
26241
10782
5943
5259
18786
29781
26441
629
9863
9344
19259
6023
18903
9018
25675
7898
1435
7930
30505
6696
9523
1007
5202
6355
30727
11055
6809
41
2241
1297
18438
10470
21690
17111
19684
30202
6065
17297
5398
18573
32707
18494
15274
30017
23959
13107
23729
7863
9434
22209
14669
6484
20715
5906
25099
15429
471
25428
23411
17344
25991
18969
28894
10381
16696
11518
10632
4294
12076
22411
5094
15835
25759
32091
23354
7128
5117
25469
23396
21995
16210
14617
9979
5153
3842
25431
13212
18032
186
16508
8322
8442
678
9815
19287
11664
20197
8155
10058
5749
6970
11789
2658
3685
28932
4129
25874
31190
16752
22239
6157
15742
2541
18252
23643
22037
7392
20615
29101
7516
25241
6385
1774
24670
9862
26256
4378
10998
17575
26294
1107
27793
19266
6365
9010
23093
25816
24790
22619
12739
7767
1059
20052
17017
23953
5793
14743
24250
7149
6762
2277
6930
14685
22265
28638
32373
31632
11151
32719
1991
3432
24790
17099
11426
4782
15812
3325
13651
9221
25539
30780
6693
18204
13839
15840
17891
14120
20575
25300
24984
4498
20679
27117
3481
15084
30941
122
11205
4138
27163
22813
7948
14351
388
10457
9262
10469
5770
31339
10181
13937
8496
19422
15750
15398
2924
10842
7364
14233
12751
16445
17973
26421
22375
2412
14073
16688
4325
8684
19672
22205
27387
25260
16332
30596
20488
16549
21695
10575
28919
8741
11669
18438
13668
7784
23149
25053
30465
23401
4132
9164
3129
32247
10267
27200
26131
24587
19771
18960
17752
345
31286
9650
19192
26149
11535
8879
26538
22616
29660
4948
28371
16083
14027
10410
20649
32515
25443
169
16280
7350
23820
25769
17637
3117
22226
19481
2193
27250
31334
30579
20608
4076
101
14191
31450
12592
7645
13432
30642
538
27406
19036
1509
3869
10093
19527
14149
16599
32495
17650
32759
15848
13443
1816
21786
7941
21984
8746
7849
10568
23682
3907
163
714
24559
10846
16233
5492
15679
19399
17255
5138
22491
5583
32758
21929
22405
19140
16769
31499
1945
16160
9959
4776
15250
15361
18977
11943
23759
26073
23589
8502
1432
31591
14346
21278
19804
230
12652
26778
10812
11140
8722
10345
3022
8469
31438
22818
4890
24585
23461
2248
3049
25499
30512
29342
2880
22604
17730
30524
22311
29840
18636
23267
31662
18887
27901
15886
12594
8558
15789
1097
30685
14999
32507
7494
3180
31638
26677
25646
6709
27646
1529
2357
20072
2764
1946
14705
12437
21729
31685
30956
25710
4022
16485
25336
14543
11339
10691
17602
10235
22112
9458
17962
11561
1000
22890
5330
4927
6331
3571
17781
8413
29323
21701
24443
17821
28953
17133
18122
11417
20136
14066
30686
22574
23730
29369
18972
11008
30939
3238
11363
574
20003
31748
4069
17704
13919
17575
30005
3534
20458
1487
20384
20250
7064
28752
12993
7184
14059
26608
32336
29781
1674
21521
31803
14830
25838
25488
9464
13387
10591
18412
32281
17540
6943
11179
18209
12002
9445
26617
26774
7585
23692
15763
22871
16628
13069
5347
28208
12362
24747
2412
18348
28880
24941
17513
21034
17719
5585
27313
3123
10935
23487
8670
1803
10068
13244
28846
21894
19808
18016
32426
23837
6209
24074
30469
15681
1652
10450
4806
16624
5330
22207
3626
3717
32530
26683
3395
2516
27024
16579
13286
7286
22604
20963
29892
22626
5942
29282
23511
10429
30633
13754
22528
1268
1845
22474
18414
23047
9121
4303
20033
7720
4144
26001
12527
17028
28708
18394
18407
30561
19073
6956
16117
30313
31507
29107
12006
18245
13490
5497
20972
12910
30917
12761
22340
22080
10245
12598
6677
4689
4228
8941
16284
15616
7405
15751
134
22353
2317
20788
8605
13048
16274
15989
24487
16051
17683
17688
21131
27869
21585
16233
2998
26689
4029
7591
29629
2860
27706
13749
11076
19654
14627
15122
29470
6305
27024
29451
24502
17555
725
31023
23469
6337
21580
10244
15812
7677
23637
31224
30205
9810
32410
30362
5629
17372
28568
10
14517
8669
31067
5294
3393
29710
32136
22823
2320
28723
22689
32388
1350
1522
2693
22709
19294
18661
18486
14658
21780
16622
23263
25149
17282
5323
28694
9589
20873
17130
16222
1004
17778
23678
10480
24971
9685
30418
12731
8469
13754
18141
169
15450
31743
6936
16676
11437
23034
10124
3801
14231
30046
22575
20155
29645
31075
7536
6475
6752
29473
26385
6679
30772
19773
16693
2177
5043
11976
18362
7618
23234
16740
25544
11311
27892
8873
1962
15290
22014
1223
23773
20411
19564
17004
6247
14833
18578
27112
26986
7875
1988
911
13817
3788
20426
5982
6698
22935
1678
13794
23917
32167
29208
2134
21020
22971
13500
11276
21331
848
22930
23822
21761
26214
1319
13316
14911
4743
7794
31576
26081
22790
1034
24473
14667
8325
8598
32541
30087
4537
31108
7403
12948
370
30462
31447
24832
15317
7193
7919
2489
5356
24656
2070
16416
25186
21298
5615
31327
17031
22359
10237
17404
21658
2456
14344
32431
17992
10367
29634
9585
23152
4093
6570
17878
19753
7515
7473
9116
14598
3955
22043
14980
24985
14112
16169
4704
1845
3059
2037
6510
10232
31016
32285
30948
21001
30424
4515
6092
27423
17264
30868
16402
4419
20833
13800
6620
30934
15641
1962
28953
27605
24371
89
31069
20060
20202
20365
1004
19561
26836
32221
23573
5347
11725
8193
15809
17883
3632
17716
6731
28177
30030
9436
8082
18362
10520
20333
13645
4224
21023
26251
25759
8907
16319
8303
24044
13375
15510
6795
4330
23942
1851
16241
2811
20303
17197
17393
4026
22678
30218
32641
8147
8742
25858
9187
25113
17245
26250
6145
8914
5168
31829
31260
23893
24686
18816
3365
984
24649
14605
5483
31107
6674
26770
26743
29385
4420
11058
13364
12279
26308
14541
16724
17933
20071
23924
13550
27086
32181
15648
5484
28947
30701
32675
5796
32356
23369
30942
28997
2761
4994
8501
18805
16862
5527
29248
26808
25638
2251
31683
20244
9121
236
17633
24435
11937
11739
19852
11080
23769
9289
17472
8565
12983
9151
17393
9325
12020
32225
11842
19349
5737
755
30199
21489
12836
6044
28077
1020
13243
22506
28360
1751
13280
27543
27822
678
32566
28555
18483
28216
9571
6305
30547
27110
32359
29614
21799
8125
6700
26304
11794
28383
20061
22435
23612
26150
22140
7082
2113
21003
14895
5291
25130
25030
28123
8012
26268
10167
24948
13949
1103
30981
29076
28742
13762
28805
28362
14275
25389
6365
12084
26733
8376
489
24144
11930
7402
17757
32527
20808
21348
16044
21547
18710
22479
31273
8891
18579
19731
8044
773
6587
23753
23288
13203
29887
17140
2843
8841
13317
16875
13333
8501
2416
4762
32636
30184
6369
9450
19166
16388
7166
17534
2473
25175
29490
30112
32328
26535
18420
7803
3727
5518
9293
20618
14169
8585
9108
18000
25455
15435
8317
26954
10668
26455
1106
29730
13919
18637
7039
1317
25585
29060
4948
13559
18120
18778
1287
1413
12394
5576
12792
15676
28134
20154
21817
633
17776
13725
11854
19264
30539
25273
10545
30000
17900
15553
18330
6582
18780
3752
12156
29314
4574
12215
723
25143
24018
29149
25757
30055
26329
19014
20262
28606
2618
26670
8073
14717
20612
11768
31348
16682
6261
16506
28203
9606
26907
8348
30160
15296
12089
801
16865
17896
27116
23236
27138
28070
2702
18567
27645
22316
3035
26184
7175
24681
1106
8085
27205
24704
14302
3265
8590
31608
27830
1079
883
24117
1922
22031
25980
30375
12991
26079
13237
31809
5476
5844
31849
23725
23750
15873
26926
24766
7609
3830
18721
7590
20728
13973
4211
1641
28359
6177
28965
12689
28118
24728
28943
10020
10601
25667
8487
19155
29366
31371
23040
13940
20878
19470
8593
6322
14400
18162
7736
27651
11963
11641
15103
6619
14578
29398
24861
24096
31877
23104
27328
32477
27037
3140
13065
11322
27415
5727
26456
7340
25062
2252
32203
14697
28594
9883
29953
28447
21701
23555
16676
30437
25896
28409
2598
11122
22793
7681
8010
16012
31840
8517
17383
25284
467
16868
14697
15713
31958
31628
10904
13466
18198
23627
23581
28168
21784
5794
17985
4442
15901
31196
31737
9035
31562
17565
800
3281
8709
1470
515
8855
7586
32600
26146
16558
11327
16415
26677
20096
8940
26354
4462
16133
15632
17584
9726
24889
31496
20556
6362
5325
21520
8484
27839
14108
16231
25486
9843
23650
22702
31668
13391
10536
9105
19107
28410
24579
12970
18846
6007
30590
13730
28600
30306
19541
12954
5538
118
17380
28361
19393
9299
29406
19046
22147
9598
7234
5064
17652
10410
7307
5580
21900
21814
5416
25975
7499
12278
27691
13020
9481
4918
29765
8512
28935
26620
20722
27261
9929
1166
27377
20900
17704
21556
2295
10470
8867
11327
24740
28341
9718
29258
13238
17958
27886
30656
19837
20122
21883
11935
29839
7837
7431
7035
9404
26126
2566
10437
9540
31617
21454
16205
20296
22753
15529
18438
6271
19290
4649
31497
13866
23157
1980
8157
27722
10885
8064
8950
23824
24131
5465
9339
27797
15285
64
25677
3275
6228
7646
12100
1460
20589
31833
12732
3537
19912
30318
21328
18142
24968
13760
32741
29372
30034
12143
491
29871
22449
20205
20959
29385
10169
17165
32532
11174
9195
8541
5556
21594
24665
21430
9729
4776
10251
1041
20705
26485
3488
31388
32154
