864
25882
4464
17555
15527
12833
16904
25858
22771
10163
14375
23396
21463
25646
9604
11293
4979
6972
31989
5442
23008
20900
3821
18694
26063
2918
20290
11382
1644
8198
10292
28263
9865
10536
32428
2732
4856
16221
19393
3468
56
31037
28544
11123
4949
24758
8429
231
29193
21155
8005
3774
7719
31904
2182
18062
8249
27933
31025
15206
17768
27058
22863
19131
29853
32690
31410
20901
24294
771
27773
16972
3867
28461
10215
11676
7361
24240
31291
5441
1582
3227
20515
6607
30190
5210
17959
22848
30566
25552
8817
4516
24247
5030
7123
23572
26598
6626
4619
5096
20793
2747
6981
15914
29924
23467
2785
1354
9700
23751
21879
7442
21548
23628
30232
8925
15359
10362
14551
19972
9373
25509
3720
1178
29217
24201
19912
10329
3754
27870
1342
12251
28345
26668
17184
24590
13530
21729
30200
14818
14471
23969
19112
28740
29769
6365
11179
31312
7968
19623
17823
5570
29989
9412
13568
19886
29550
3843
16695
22898
2866
12750
18643
26600
4141
12543
17174
10976
26182
13557
31411
14029
12912
26598
26070
2750
4814
23926
16229
21648
8730
6281
17797
17762
19015
9046
16737
2634
10853
28094
15399
15686
5062
26075
1362
25206
25183
32475
28207
17800
13424
6671
24218
19315
17768
1599
9993
3176
28675
2369
13261
18949
7093
10185
1428
5581
6475
8067
4913
15317
13008
18271
30880
17855
29357
18989
5956
10732
26133
28521
2932
31470
24224
26200
6966
11068
30518
18260
586
14634
24623
16227
16235
22296
14008
6671
18129
25577
27513
7538
15866
18359
31861
27793
9386
2244
1585
25579
3889
11444
28696
9297
21996
14842
14366
16375
24078
28049
8612
15820
24480
30956
19355
26375
19655
23599
29165
4866
15942
12447
24088
25932
2371
30551
19228
12794
25166
16446
16536
31805
12703
15669
10544
17210
31903
5525
10289
4373
2219
3544
29304
79
6932
22422
11920
11091
31338
7604
8218
14923
5370
8408
8818
824
28821
30751
13967
28738
18323
18963
10283
8268
30488
4567
3620
30156
8854
17573
10787
2010
12435
27515
27515
10631
1197
1296
6484
31599
6875
17421
26632
15250
26613
32122
32205
18271
9079
23414
10901
1042
24194
10284
22322
8512
3107
17666
28606
27056
24280
8723
19770
5741
8016
18912
25205
22553
24691
21826
12335
2692
13474
23460
17535
18046
18496
13166
18802
17897
1393
5828
26357
19986
9505
113
31733
5185
20809
21790
29380
20622
15469
11464
13503
29431
21098
20593
302
11952
26222
16405
11115
20410
584
21727
1095
3767
15074
21405
29353
22269
11787
882
32632
13033
3450
7370
22715
21109
23312
9363
4095
24589
14942
1963
6137
6047
31591
2708
17773
21490
17063
24943
22351
1592
29268
1064
18983
19430
14563
4846
31418
5827
26830
24294
23526
6975
32149
27424
17358
30983
29187
31178
5175
20950
19378
31139
16946
17038
32721
26547
252
29319
5413
31034
5154
11559
10062
8678
3304
14771
12108
19016
30444
25956
13633
19081
14343
29630
20344
32089
10100
26909
4775
32553
8244
25489
22385
28058
4784
30187
31023
15157
22945
14616
29168
27484
22061
1966
30654
19072
