1
2
3
4
5
6
7
8
9
10
11
12
13
14
15
16
17
18
19
20
21
22
23
24
25
26
27
28
29
30
31
32
33
34
35
36
37
38
39
40
41
42
43
44
45
46
47
48
49
50
51
52
53
54
55
56
57
58
59
60
61
62
63
64
65
66
67
68
69
70
71
72
73
74
75
76
77
78
79
80
81
82
83
84
85
86
87
88
89
90
91
92
93
94
95
96
97
98
99
100
101
102
103
104
105
106
107
108
109
110
111
112
113
114
115
116
117
118
119
120
121
122
123
124
125
126
127
128
129
130
131
132
133
134
135
136
137
138
139
140
141
142
143
144
145
146
147
148
149
150
151
152
153
154
155
156
157
158
159
160
161
162
163
164
165
166
167
168
169
170
171
172
173
174
175
176
177
178
179
180
181
182
183
184
185
186
187
188
189
190
191
192
193
194
195
196
197
198
199
200
201
202
203
204
205
206
207
208
209
210
211
212
213
214
215
216
217
218
219
220
221
222
223
224
225
226
227
228
229
230
231
232
233
234
235
236
237
238
239
240
241
242
243
244
245
246
247
248
249
250
14264
27520
4764
18399
4742
29867
17308
925
22093
6807
31581
26635
27953
21407
30813
5372
9672
27099
31465
11738
10469
27039
2449
23625
430
22853
23000
26119
27637
7725
12592
23062
23749
13057
21029
6430
31034
4926
18904
15629
28566
32752
12719
9216
26258
445
14667
8806
30450
19492
3258
8290
25436
26119
27374
9842
618
15207
110
7503
3838
31856
23116
17684
21206
28085
1367
10145
24416
3516
11665
2626
18639
13245
20964
8844
5998
2983
24592
4744
25396
4964
19688
28692
19865
32094
31934
23429
19881
7234
4124
27025
599
15364
26805
25709
32531
3107
31386
10290
18079
32558
15793
7813
26654
17287
21348
7543
29294
14695
13462
11690
12727
2594
31707
31670
27460
17580
8168
30922
2962
9052
12872
28311
31399
24305
30289
2665
2725
13011
25687
9111
13471
30363
27935
16670
6059
28884
4502
8841
28217
18179
8899
20500
28067
12006
15867
30224
17413
17658
22868
3977
10318
11327
29788
9255
12439
23359
16650
7506
25268
14925
22772
30361
13065
30475
21187
19797
26015
12591
19428
5001
1400
25734
14977
27149
26143
13369
7088
26092
25474
31567
20970
17674
21508
18035
18366
22026
24783
6903
10950
5998
14439
12058
21211
20992
20357
30598
10629
12913
9250
11805
9653
9793
14034
13813
12215
32734
11859
161
354
9744
22886
22707
22162
21140
733
13694
472
9224
19446
31777
14703
1799
231
20929
12402
14996
7098
25365
20557
29628
26971
17704
9842
25719
1264
21338
23117
10704
7528
11944
16249
25925
14679
16942
22580
1393
27905
28906
