21919
14203
19
1014
9914
7378
8782
4543
24112
6464
29912
12778
26778
8839
9142
30834
468
23969
30287
11323
15876
5040
16517
934
9175
29496
28453
3939
15374
29068
13185
18310
14906
24710
4699
28381
8899
3195
23045
16513
4655
30318
17351
7084
2465
32388
17537
8650
25760
4792
20625
31443
23578
13776
5879
13271
15017
29328
30647
27611
9748
3885
14719
17123
8729
5381
17034
16208
12394
140
22724
7532
12789
11658
11567
15684
28008
21380
13957
8886
24309
9847
7967
15306
13651
28621
18965
24902
8197
13193
13223
17788
21214
13765
12508
17767
25285
29790
21096
20470
24502
26862
28371
22440
20489
9978
6104
601
28919
10861
32524
2908
24666
27205
3520
3017
5044
909
13351
7448
16499
4235
13244
2543
6515
58
26846
313
1477
507
22461
32632
13487
22919
122
25180
13043
12072
16010
23188
25940
12329
14172
12260
3159
5002
7227
2936
13639
22265
17269
15480
15483
18430
23741
10972
17628
11638
17614
27778
18593
9538
15441
12413
10077
2624
1537
29873
21820
30330
12301
14749
3977
13726
3261
10359
14964
15279
7769
24446
19475
29689
31303
22668
26790
31818
26483
7658
5151
8287
15348
16745
7394
10653
15852
18862
9161
22274
2991
2510
25963
4442
20264
5915
10398
12214
16505
20797
30266
24602
15330
12420
32288
2166
28388
20092
19835
13271
24742
23746
14918
24543
22935
32279
10255
15987
28245
13747
2554
16307
12750
24795
17928
30767
21157
28342
23961
14167
10199
19037
32560
25140
28830
11057
25975
26198
19349
16241
10115
22798
10525
25868
24152
5853
15616
25779
17328
30507
13141
25395
11768
26684
11428
32002
3484
1889
17738
16407
20356
2411
11294
30719
18655
1893
3156
46
4127
899
20130
4243
26436
14933
30114
14447
7006
5184
6520
31590
32077
19247
18100
17623
22476
6278
17530
9577
1710
32600
1504
3814
4966
1753
19095
589
31437
30998
13006
25634
32
31203
19027
27401
12616
2581
20219
23699
95
19186
13893
3160
5743
5606
13882
20806
17277
15480
21911
25912
12230
1147
18222
25290
12872
13449
5258
21868
28804
17581
23506
4022
11139
1888
9455
15356
24087
24247
4593
23329
4195
20954
28335
9648
1181
5816
25518
808
8467
25593
20549
2968
15212
7988
4094
18284
10545
15203
12094
8583
14732
23444
21289
16274
31823
3553
22720
13459
31287
12961
28492
16833
17011
25568
12800
6551
29024
28941
1242
22823
5271
17139
14538
11185
4137
15339
15126
19572
26921
26703
21501
23236
6507
4913
14491
13405
20620
4941
29708
18935
17970
25661
27604
8730
405
24556
894
32308
14911
11341
9092
21993
13840
12621
10095
7338
18564
11014
30527
1417
22329
11317
20493
14667
1963
9454
32751
12991
31298
16782
6428
13647
13968
13810
24657
4565
11475
18662
31347
11696
28866
13280
7541
22
4486
10991
18556
31147
13062
8430
18241
2643
19559
7165
1207
14661
12243
11826
28911
866
16250
26251
32312
29636
29655
20007
31114
10905
5941
17846
16933
17970
23153
22319
9333
25175
9985
20417
23609
8670
21045
13835
484
30332
5565
28815
26435
6874
29036
12388
10081
29419
23100
29740
28072
18046
23185
14150
14408
2575
1986
8517
6621
10723
28885
18848
15948
2900
27274
25514
14061
14441
23708
26309
20976
27049
29763
1747
249
25137
24573
4334
4878
20997
30862
89
17843
12964
31557
24502
29011
20959
14722
19065
21730
32490
24949
8860
17601
3508
17448
20117
16610
9332
15552
4997
13868
1924
7424
24498
28449
22387
17166
6455
30654
30038
15482
17658
30882
350
6780
6623
19827
10160
23421
21563
23166
12144
3545
23948
26013
31
4068
7271
30302
4392
4395
177
353
30645
14588
8210
25346
1735
5672
30375
27960
13702
15367
8183
3261
16342
12477
7209
18800
13610
4284
30068
9719
27037
2954
22998
8872
32063
7621
32009
26538
28076
11364
22195
23127
26084
25919
4317
8677
16470
2258
15014
24390
28478
317
4920
7244
16177
27280
252
13841
10230
28742
2314
18070
8088
9231
23268
20906
9145
12755
17507
14606
27945
5363
8689
15318
440
13010
7929
1298
6216
32404
23196
3502
806
2597
17574
21911
5274
10365
18112
14367
12732
1315
3559
24483
1930
21744
2076
7275
5688
1046
27229
8913
1735
1377
21205
29862
32473
9916
23376
31185
26308
3830
12273
3129
21989
18630
32295
31462
6455
32525
20445
18531
2083
20060
9969
10342
7066
20406
27880
178
31586
16535
2784
28989
30125
27700
15813
10126
5360
14853
31432
362
18418
1409
30733
17071
20516
9001
11684
25216
27184
14023
25275
13218
25812
16120
6930
27686
6641
31208
30895
20553
32223
1885
26066
1176
14596
27639
6955
19288
32677
22966
22091
12580
7163
25020
21593
27864
24202
29524
25862
30382
26798
19508
10690
6823
1399
15871
21809
2605
1206
27918
32472
12534
19544
27760
24349
20779
5107
23343
1902
10954
32415
26325
27328
12873
1799
22319
19003
6780
29120
1873
23091
13752
14809
28634
13147
29241
11187
9850
25653
30145
8722
30385
14029
7298
6517
30681
32423
24382
3491
17510
758
25773
21895
13933
22798
16927
28989
19811
17180
12130
32365
8488
26389
12774
18136
1603
29164
799
7472
18288
31496
13867
31789
6232
15349
24757
7133
9631
28762
19225
28988
26147
29227
27592
19460
4483
26143
12783
1734
24543
3173
25427
32058
30431
2451
4479
15572
10231
15327
27170
9111
25577
28817
26291
24878
1931
3512
8022
3641
26058
1052
17667
19941
13039
7541
1765
11711
13601
31450
26368
14282
24107
22396
16919
27342
12928
25492
3789
3316
8572
19354
6154
3216
13037
16312
13984
25406
11730
3966
20015
12080
7267
11735
4422
30406
20817
12604
20682
19039
21070
9255
23196
14448
19408
14795
11126
18387
29202
15106
30742
27745
29532
16263
20895
10690
24453
1893
26940
22660
10422
2223
14086
16747
8560
1394
2088
776
7121
15848
14400
30093
3603
4846
6665
224
24661
11448
21304
6382
18334
31172
12195
21570
21023
6668
12200
20694
2232
2688
21965
23337
18878
9395
30628
2961
16636
18133
5618
19923
8439
14305
15
1777
375
7191
18064
19779
1858
3501
16676
26313
14635
11714
11196
448
9803
16787
7919
23411
16783
12273
26524
18772
5747
29427
465
22603
15116
20968
15083
30286
9036
30607
16127
23090
14722
14475
5497
7617
24608
7697
20739
15884
16577
2276
30377
30211
3178
131
24634
10050
4368
672
7665
17710
18523
26325
6996
30273
17322
10899
2909
24482
6487
14683
24536
20217
14140
1328
20492
13953
15990
844
12957
12127
19560
24850
11953
30258
21763
1348
2130
5611
29253
12662
3092
13535
19712
22466
24055
14362
733
30910
12174
12534
11680
7595
8545
18669
28590
17135
21393
8108
10700
18118
27066
20328
15913
12340
1565
2933
1183
25150
32767
3349
21558
3929
22860
17038
17898
291
14208
29823
5294
2129
25543
21875
16048
10472
5731
12215
19423
22193
4431
9577
23979
21990
20002
14034
27659
5170
17205
758
21445
3545
1032
30312
6634
4914
16610
23651
2207
606
27064
1559
2339
18740
30800
31809
24334
17275
9639
28414
10455
18780
3727
22497
18841
534
2972
579
8215
20212
16449
28122
12029
25213
9527
16270
6761
22506
4638
13447
7849
24285
2663
19339
25671
20303
20849
6279
21826
14794
2546
30315
22431
18393
25753
2875
4384
190
8690
21091
6228
18018
27529
8524
14032
7826
18514
23084
8379
7271
12360
16674
17808
32262
853
10114
7711
21130
26482
24942
7125
15423
21007
14758
7486
8977
16565
22432
3016
27460
25834
19420
1738
1125
18261
13938
16324
25728
9762
15341
27625
17299
4776
15451
28378
11075
4681
165
8885
11982
18074
21021
24910
24385
24772
12374
12988
20459
25643
6456
17688
16145
31821
5971
4481
14051
27116
2676
21091
15023
19311
24182
12025
21589
17542
9307
16401
5627
18701
16796
21008
25601
3891
10684
2101
6967
27867
22051
17698
26446
9282
28714
31896
23949
25570
24947
21122
12229
32151
15995
11061
2951
6401
16242
4342
31124
25897
15178
4796
20885
3431
22798
56
5645
30083
27509
10003
19595
282
10935
30071
9764
27203
16543
9680
3104
27507
23265
22484
25844
16542
14255
15041
9585
17311
24711
11493
570
10202
1871
29796
21883
6432
14755
30006
3288
16851
24174
2159
13220
31818
12727
22723
27988
13174
12990
26697
29747
14022
14408
9087
28759
1353
7991
9615
15059
21523
18269
4560
24878
21473
21138
9872
32020
31232
23044
27921
13388
20586
3535
10961
29930
4403
29390
30734
16838
4387
12976
8074
9004
15781
12878
11148
4053
12767
25147
17447
25110
10019
32157
17086
11608
17542
11068
7880
1992
4558
13529
6097
7248
4498
18625
16577
6341
18076
31138
20577
19554
10386
28828
23323
2677
19414
1435
23042
9560
16554
12773
8978
5539
28056
4335
14008
8608
26897
25461
1685
6399
5716
18633
6527
30923
2449
8812
12488
2973
30542
21979
21187
23056
13067
24747
24197
32628
289
29400
3305
14023
16368
859
727
13281
11321
4858
22725
7406
17609
4452
15229
14369
4440
6269
2593
8615
20656
29175
5485
7642
21010
6946
25661
23480
32213
15109
8527
15251
20816
16045
5705
28169
20986
4037
22526
32567
15312
6503
2029
8746
28407
3890
20234
20630
24739
10909
30146
4811
4919
21130
15673
996
22958
24863
24022
26178
27193
31697
20225
23609
1065
12737
15403
6408
11536
21580
19215
7695
18723
15837
5944
22588
4835
31494
1732
12743
13821
2512
23655
27679
4462
9039
10931
22052
25834
17273
3222
12950
28031
25400
18212
25293
13686
6333
14486
10667
7034
4632
14483
6864
21756
7685
19887
2572
28629
14089
23602
3866
5933
17598
12826
29067
8092
1899
5219
4352
7824
25048
12677
7580
4335
30049
7487
13497
21757
17480
14739
13786
31615
20048
12562
25569
13345
23431
26201
9859
22805
26979
31964
32760
24061
28176
24290
2807
9739
26121
25809
5345
1382
24550
428
10301
29136
31348
6362
7012
9863
2315
24873
30589
16232
21020
30994
19372
3930
7178
4159
16519
13802
31803
19018
32714
14387
7278
16072
17483
8449
27215
14982
9776
27702
25928
9746
30559
16748
32411
13693
17462
16859
16302
17760
19581
28029
10917
2333
2200
25457
2358
28263
3841
414
7609
23045
28150
10136
27263
8658
19823
8391
869
26633
27987
31174
7593
15295
21483
17673
20988
8881
16535
4803
17624
28736
14016
8198
10515
3514
13581
300
20661
6107
27866
19319
16391
30100
3558
500
30444
19466
31307
18853
25716
29666
30388
10462
14511
21436
10954
22000
2239
17405
1519
22789
31025
24530
23599
1355
25230
26482
20339
3413
9260
6051
22776
14014
6474
6783
1792
28943
25692
30072
17096
21474
1188
6298
12985
18504
27138
29456
3298
24937
31501
12522
28070
10346
16738
1565
1714
24468
12349
10955
14899
178
14662
27845
30277
31418
9133
31311
25774
29360
22904
18979
17100
3016
7964
17592
30156
31435
26955
4803
12061
26811
17678
13567
13604
26810
1555
18729
9266
1320
12104
8271
15283
10252
18857
2635
2984
25269
7509
31371
5719
22689
232
27155
14912
20893
13061
6852
30804
14126
29234
8158
27234
304
18153
20420
32210
21949
13291
767
18069
24656
16600
17542
32348
9258
4861
22332
1032
19957
2157
13499
28514
18600
2387
26960
3341
6570
902
28998
22201
18490
17502
31592
15256
21518
9415
13505
19734
32570
15251
422
9157
28500
2581
18423
4246
27094
22251
11937
28239
12227
11035
30311
10041
15502
9570
20451
17177
27703
6088
21191
4450
19639
9080
31337
17321
7838
18127
19327
3161
18683
4531
1830
5544
17532
29734
3882
25802
16854
23322
24449
32100
3943
3975
16664
22851
538
3004
6611
2126
25996
15091
32207
3257
14189
22311
26090
18300
12840
22826
12165
2308
27334
12018
18824
6696
1551
11315
12967
20830
18675
26932
11492
2095
2089
987
19029
1256
15126
30473
14120
11411
13808
31790
25828
4389
20259
11028
31473
12281
29684
19455
12379
29821
28772
4088
29395
21292
28247
9062
32503
4284
28661
20190
19923
2456
18769
6716
31655
3472
23880
9715
3050
9167
8621
11937
11920
19214
11939
28391
27273
2568
23881
21367
20874
25646
14749
13678
8463
1691
19354
3813
29857
16714
31652
24002
27988
8327
5670
10452
29333
15011
12922
23328
28706
1516
265
26997
13658
19164
17587
30279
22967
1681
31601
26554
19097
20861
31288
9212
26181
7775
33
26584
18477
25970
1224
27528
10866
4068
17905
18891
167
14217
22642
23864
12248
3793
16461
2002
1994
1272
21532
6364
24965
31356
28594
17647
1808
6612
14847
25673
18556
10335
564
27496
25123
25499
30760
20952
6194
16023
17402
23369
11109
5035
16633
30436
2834
7782
24512
10463
26729
20936
29605
12879
3834
24241
28501
27454
9848
32410
21688
766
16828
22147
23579
6844
24332
1580
5773
28248
15774
14216
3977
32629
11352
17007
12758
30412
13786
14483
29612
12229
19902
28085
3608
8776
25374
20505
17313
7888
31831
9527
31276
4290
16397
32435
11293
15102
3952
31631
29887
8883
5565
10656
15334
7287
28935
6974
17619
12183
22583
1344
9303
17323
25170
31016
25148
19566
21242
3994
18912
26573
4152
5907
11811
8766
9592
6871
9347
21843
30677
22059
31622
21647
3991
26565
28761
23672
6906
22913
26550
30701
3634
20565
11786
20410
1195
30855
728
6250
18325
541
29528
4701
7584
16790
18533
20506
18436
18647
2966
14053
20677
3176
26538
28053
3637
26848
26665
11680
32698
7326
23624
10872
26577
2490
24845
794
18259
21563
22197
29155
7672
12427
17747
11942
5145
30248
29881
14077
29114
19099
15259
28892
1735
30894
18930
23404
26782
18394
29343
16918
10446
26623
14417
9693
26910
17752
8616
20722
28882
22701
6299
18562
10025
18378
22807
4307
5930
27185
13032
30607
24736
1548
8925
22624
14948
22885
1831
4028
27098
17305
29443
4099
21438
8970
26009
19655
2593
15125
26659
28778
31662
13892
22353
4079
10290
6340
23532
20746
32348
14105
22203
13945
18113
1296
17315
1687
16418
20725
22545
47
20722
16135
24733
20878
29203
6441
8679
1500
14049
18138
16581
23724
5745
359
30113
16337
23066
6239
3868
19315
21813
23112
2039
7267
18978
30096
13364
22700
8332
26055
18808
9835
20717
16651
18100
1248
10580
31171
32516
15300
20326
26768
19416
21725
9122
12928
10833
21457
27114
24453
18414
8248
23359
13606
16999
22004
1229
10613
7897
28613
6183
577
15396
24
4307
29836
17553
27680
21257
22591
25273
23848
10168
17437
15778
23592
14794
9718
42
19350
30889
11037
28585
13182
1026
3356
21970
5077
1225
5797
16858
12555
6013
29900
25821
3807
11181
10356
3453
3447
31931
11271
1740
23728
2016
8555
24172
14771
9072
7217
22004
10953
7007
23567
918
11632
30469
2960
26111
2734
19486
22282
28543
17829
17173
28625
19562
22632
12418
20394
26814
13069
26609
20610
30981
12547
11237
27744
2685
30886
24348
14745
24183
30993
23317
30531
5373
31283
4048
15851
27319
29478
20693
10379
3600
6843
29559
2486
20372
26202
8794
278
12700
27401
2611
1304
6958
21706
17359
13542
12831
26666
8023
1686
8314
16919
13522
9632
18726
18930
24043
5526
12226
2533
31988
27919
6100
24951
13612
15589
7971
18013
30781
30624
22369
1939
3337
27953
8973
18092
29606
12004
22936
7015
19111
28560
30407
5506
6558
13328
22872
4307
9439
26615
21736
3988
11910
10880
6932
3839
18619
26564
16351
2587
7476
4656
23891
7893
19964
4149
6764
2386
21363
12865
6449
27012
31639
17647
4132
1787
28289
4987
4828
1790
23602
28280
19953
18651
14224
2757
14872
23675
8876
19645
2703
18233
28742
21422
23228
2804
24211
22924
24337
9059
28478
15079
7474
28073
172
15131
28506
11818
3204
22727
22267
10396
12143
18048
25252
32353
24092
23494
11048
18196
27528
4662
11261
5986
17532
25346
31458
27163
1111
6303
8900
8072
18189
26813
9699
1792
23664
27260
27441
9910
16558
15581
6906
13781
32283
29046
11978
31951
23601
3947
14476
4081
32725
17049
9455
6204
24796
2836
32014
7792
14542
212
27471
3177
20202
32683
1931
22702
17770
20346
11888
4168
19464
7333
26660
13008
23488
21700
8747
5324
24536
15260
16523
15420
28702
19533
18990
27503
113
15052
13447
19995
10626
10644
4729
31917
28380
26521
10868
18910
9762
19070
14305
3719
25496
30983
23488
26550
4069
14801
143
6913
2840
6721
13678
5402
232
442
17538
13988
21056
1299
2199
25413
14331
3656
17929
1789
748
11375
2788
1462
7457
8174
23114
18716
12392
30444
10005
24750
5651
19973
25022
26645
29689
2370
7550
10165
10941
6472
4274
9091
31059
8399
29828
3094
31167
3670
1992
17920
23328
32277
14628
31582
31982
30772
15476
27566
20352
24378
3948
28129
7633
8904
12671
22705
9347
2695
4864
17717
6692
11615
32648
24499
3249
26858
1943
15029
14424
27944
11646
22623
15234
12404
22908
24063
19473
24502
22823
9702
20966
7899
28173
9079
2727
11650
12188
19837
6847
17400
17471
706
12198
15463
13770
7389
5986
23626
25880
9547
29006
21028
24818
24769
23578
15218
9267
9409
17683
18142
32554
11116
15524
18101
12352
22935
29725
18331
28635
11040
18612
32638
29570
14722
32714
10440
11329
4264
6255
7641
17487
17919
22055
18612
8174
1487
26862
15096
26003
2763
22139
531
20807
13287
2242
2994
22349
11369
9660
11899
23045
23107
5226
11007
30480
1696
21272
14570
12213
29885
735
29821
28803
23290
19565
16447
15416
29233
521
28399
32226
3910
8913
18876
17988
31487
9030
18105
30843
31766
7947
907
10722
18317
22506
22628
14642
19266
9752
5942
24814
1731
15802
19232
18686
26211
28071
3117
23449
21646
15216
15165
24937
30041
158
14915
10474
16477
27962
29873
15636
27846
5011
19505
28473
25511
24891
15766
14384
11409
10579
21010
13491
2147
9224
12457
16646
11875
1886
25573
30681
24462
7469
10188
6256
17453
31336
21519
6145
18345
15269
13956
25182
26272
27354
29142
3539
9016
29285
13436
1618
5044
16720
23527
29645
16197
1234
22528
24548
15650
6937
25297
24256
18906
9030
24706
16191
18153
20154
31624
1617
22666
22416
20761
14754
5581
16490
16867
15737
32489
16753
15101
18912
11731
1687
2846
15109
29968
8992
6157
16608
24775
24160
2136
12822
19994
15814
13641
1565
3254
28697
30998
15009
16041
32258
11608
10279
27253
25547
28094
2545
29538
30822
29443
15649
27672
17841
6685
31521
30572
13816
27576
4929
11131
15035
14306
26530
10997
20658
6664
12628
26812
1295
31009
20411
18862
24579
22569
10039
6334
22659
2769
21251
330
13644
8821
11870
937
32549
10062
30953
6147
26724
29161
6737
29541
19891
14551
18733
8980
13332
9895
6442
29218
26659
3089
13413
19776
8859
628
17432
6355
22044
4739
19577
11594
2604
13114
32735
28078
26491
13592
19751
11386
22891
28040
11606
21166
26831
13984
29823
32031
13299
5901
10728
1041
10206
9806
11112
8455
24275
289
8211
9946
18462
25147
32282
9
32013
13116
10220
26448
26428
10722
25761
3708
7189
17789
14233
10109
4504
16547
23392
957
4184
19236
25557
15792
1734
8256
19340
8365
8626
19736
28784
17148
19983
15203
17325
1584
2039
21602
12493
29110
6895
20502
32
7087
14187
1200
14434
5115
405
19017
17304
1430
32074
18131
23355
552
31589
13904
32664
11223
27713
834
32375
12640
15225
17250
19707
20582
6386
27796
14537
21002
21276
22043
13420
13755
9844
23049
17145
32335
9806
11002
18158
21843
8913
12802
14432
30880
12355
2276
1622
9775
13191
25733
10096
31279
6115
928
7628
29524
4615
30138
29225
4465
5195
20057
27213
16969
22585
6257
32421
4259
8523
7711
21292
18844
7413
22681
14221
3137
998
7270
29324
30557
24716
21962
23714
27024
7894
27013
3559
1953
18749
3517
9014
32021
5893
12088
24203
11009
12224
14030
9903
14620
18453
17182
10776
15640
31679
10881
10506
27699
2264
22844
11011
2825
20568
24570
9046
4012
16345
18041
18710
10742
2205
30339
9781
9758
18385
21280
8685
23946
1043
20490
2655
10724
9267
7521
24955
3696
17206
15264
28959
2973
1441
3024
27267
20698
21492
12283
5332
16554
7796
20452
20255
31483
3629
5621
26993
25012
18232
30841
6461
19341
8250
8971
3325
22819
29485
5198
25372
8268
27491
17375
2068
8615
29895
25736
16340
15480
12391
5815
24164
5299
4655
7982
29643
8023
3063
30203
28465
18685
27073
16811
32065
27313
17211
4795
9681
256
9868
29519
27845
22866
24652
7974
31280
10619
1236
30670
3517
17804
7865
2324
16718
26607
9875
12735
24290
16307
10243
17534
19900
14628
14324
13598
23234
13471
8224
9728
24611
8100
25558
27083
4156
9261
507
19806
26557
25150
6224
15881
2823
26558
19442
8188
4825
23173
6951
26879
3116
2230
31831
21348
12123
21327
28249
15674
4743
9982
24049
1988
23354
30519
1174
2858
13130
28547
9336
29293
1281
20251
17857
5024
17018
8885
22811
6230
15438
20638
25459
2647
19313
11017
5885
6295
21078
31911
32121
10344
22874
17271
6068
1774
19039
3552
5713
20179
4023
11773
4041
22077
6725
14136
22449
14589
4830
31258
23356
21258
15093
29281
9984
16173
16504
23379
31229
11773
2293
24147
2523
10510
14337
4018
23667
5734
29914
11719
23185
4144
13131
22082
32760
25781
976
9661
19623
21127
12027
30100
23387
21759
8214
11255
16725
5354
25354
21053
7005
20864
14720
25979
27655
21910
2885
5462
12085
19732
13811
25877
18141
3752
32718
25339
9485
11708
12780
27091
22316
26790
7577
8396
22146
18207
4345
11655
16891
31991
32495
19567
25895
25863
24126
17225
12422
10342
1006
25099
1795
26080
31986
1522
1214
28067
11015
21199
8974
25916
10463
5794
24007
26562
14719
2921
15800
30289
18150
27450
27768
19642
13295
2704
13667
28281
1400
27875
6111
32744
9924
1915
20196
16306
19742
9861
29115
13449
16063
10343
4613
25372
242
849
31488
8259
12662
18708
30214
21373
3876
7480
14422
15773
30161
20808
24087
6080
20854
7025
5786
7810
19599
6988
26080
23922
15808
8439
8028
20163
6334
27242
32249
9028
26221
19208
32095
18066
2118
29045
22642
29579
19196
16296
20764
27911
3167
26945
9549
11971
30848
19484
21824
10910
8726
14118
7935
26120
31264
4975
21289
2999
27340
9089
26355
17819
6552
19697
26477
29461
5303
8243
12807
3940
28598
4786
5715
23648
4959
7968
17676
9578
17630
16395
12376
11939
10274
30898
16714
9308
16774
24598
1707
7886
15025
25172
16634
3595
28346
11313
28593
8757
400
29943
17354
1006
1690
6784
7042
28943
31386
17296
27485
4509
5335
31848
14442
6393
13179
407
1992
1878
26426
11540
26473
8048
25140
14730
29718
25724
19997
20467
179
13402
19867
4968
17093
21010
11503
7991
10289
29822
1496
11063
14918
11588
23220
19032
12798
15368
27881
30590
8577
8671
21123
25744
22251
2310
3871
16331
23631
21716
13319
25437
14588
28141
19358
9007
22527
7865
5119
11522
14313
5140
19681
11965
18386
22087
7358
14085
5533
20023
20788
1039
12670
10973
32427
13490
27322
15094
17208
4033
18862
3836
12481
21911
27411
30548
8802
20467
8320
13001
272
5127
31280
24889
15228
10955
7686
3726
30010
5015
4046
27120
12579
21745
20166
32058
31480
4004
27741
30890
21576
18450
58
26332
26771
22986
7552
23801
19631
18781
11601
31532
19819
26734
21137
20821
4467
9
15084
31746
4723
30006
282
3483
12671
7117
1121
6108
27315
11147
22876
27016
27670
2918
14332
21596
5060
26398
2764
3906
6477
17173
889
2248
26200
608
22673
15824
25228
4894
4235
26761
14000
13576
32264
7070
19216
3658
20824
7597
1315
658
25408
6394
2156
102
7418
29541
32414
14522
8574
25241
11011
29890
7168
4231
19742
32261
22458
25619
5776
19635
1259
16908
14392
28728
20256
23138
19102
26129
10418
21907
5522
21214
28560
30311
31504
20921
20286
989
2407
19911
1054
3941
30874
6668
25583
27471
5895
15236
20371
25988
26950
6511
29205
6772
340
2028
28906
29775
20721
24777
29047
10872
31558
7834
6100
21815
27083
11784
25296
27054
10344
26988
2357
12814
19675
29341
15437
5642
27993
24325
29604
18316
27256
27131
9744
10151
4172
8525
5103
30670
21200
16411
1712
11075
10632
11244
10645
27857
20069
18427
24502
11454
25577
4818
15178
19196
18059
16922
31266
12703
3421
20658
11126
29588
32236
13054
25316
17295
30568
9602
7350
22341
6405
18863
14180
2780
10144
1276
9817
22687
30374
22073
16890
30967
22578
5408
22757
16022
22645
20526
26230
758
18523
15537
4752
14082
23403
27937
24218
27667
23792
16819
9159
26909
16470
18220
18075
8235
4310
30707
17323
6152
1110
4971
31140
7743
13706
32639
21646
21830
18784
26751
15954
29431
923
4906
30842
17215
3773
5388
17209
17178
31531
26378
30123
26559
14732
1595
27485
26135
5234
5881
27408
3700
27964
15928
27322
4224
16443
9495
21710
15220
13331
23221
12989
3722
14436
2118
24765
11700
30634
11110
11977
3726
8290
19116
4841
29073
18799
22659
20659
31626
30139
14389
14866
843
31521
6473
27974
26529
20619
7439
13356
390
1879
31353
26816
1687
29696
5164
736
28616
18938
13527
13139
14422
11997
26052
12297
2301
2246
5037
5540
9068
3066
30160
568
8694
19405
27461
19791
24458
21187
17040
305
7141
1524
8051
31074
12294
22453
29446
19051
26338
3444
14857
22237
20058
7396
30072
13716
5226
25691
4448
19769
17571
17016
11762
18698
31195
20744
32469
19166
22563
18218
13505
32355
25337
18098
9546
29099
959
6348
9465
22247
21612
7650
18337
4978
642
29887
31472
16401
24128
7412
12101
32377
27160
6266
705
18449
32355
20634
8865
6650
21844
16906
22219
8781
4906
13401
27558
21155
7850
140
28207
31707
24013
11018
28234
22295
10934
21685
15189
8200
5350
18266
20227
9324
17075
8523
23144
27860
1782
25674
10576
25259
32517
27561
20437
6004
19681
3504
22065
4435
16816
27711
22224
16591
3181
14516
17066
982
16606
28431
16335
23041
19142
19541
22083
11802
8541
1074
24333
22748
20221
31201
27019
16633
8478
81
2824
15458
5252
25984
19600
5826
20919
19755
11011
24907
19892
7850
23913
28598
25314
2582
21893
9861
30279
26796
11949
32396
31996
31862
32473
25007
30174
21288
15865
17645
11143
20552
14220
9118
21117
8849
14958
16376
22440
10394
31473
19672
29450
2227
23344
25792
21162
15
3488
29211
29137
11561
17896
27849
28793
22880
27635
4311
32515
1508
1347
29326
12840
16342
18568
5040
21298
32683
3953
24062
108
6098
6850
9981
12759
30358
23719
8442
30238
16197
15687
23884
31692
32402
3485
17369
15037
32312
7299
9180
20946
31712
8720
16869
27881
18245
29988
1825
18189
2966
16193
13787
7401
18460
8861
18243
9091
15388
1653
22126
22311
18943
32163
15519
13984
5552
31603
17093
16047
25158
19123
3140
14773
29411
31497
7928
14259
29403
14474
11383
17012
10521
16775
151
8713
31423
28330
14641
17782
269
322
11044
9131
13956
11228
6300
10422
32587
2323
7316
822
4305
29865
28569
26131
31924
31446
27089
4716
25314
20959
26173
15825
3838
4587
27451
10419
1285
7955
15439
31000
16689
31160
14626
11667
12061
26905
11723
15476
7211
13348
30798
13116
10531
23693
10082
27220
32540
4126
30328
8446
19360
17486
19192
5515
18443
12308
5838
28111
20532
6141
17445
978
19535
8317
3698
27336
29202
6786
27829
16451
8471
32335
28924
7592
24194
2184
16680
15839
13283
11657
3315
11087
30046
22268
9522
2570
13065
8107
6232
21060
22933
402
30780
3850
17969
10809
11548
30001
20907
26945
31201
26252
5848
27964
5540
13666
30775
17090
32370
15390
10449
18881
26956
7497
15459
5396
29554
16310
703
26711
30946
23292
12912
18426
13339
10281
9885
20373
2854
2741
13360
17019
11735
17845
23094
2706
26961
4433
20873
6498
21704
9336
16301
24427
15243
1747
4345
19900
26689
16119
15863
5569
13682
12510
13
7005
1866
16536
14684
19768
4762
3390
5096
22363
5408
22568
7161
25594
25352
27743
22978
24208
28082
6741
11841
27954
10166
7124
30566
5148
27174
29749
16247
14225
16147
8402
31667
28642
13650
11710
7734
25548
8575
691
32540
7430
28739
31819
24809
2843
28115
9587
5161
10358
9913
9501
32339
30139
17879
13366
2035
16222
5033
12248
13832
24942
31434
7104
29355
32177
13754
10498
18674
22518
2526
5371
6164
19623
13256
29832
462
5534
26809
16245
6149
20793
4452
12345
3500
32689
8693
19424
28392
27303
13138
9800
9330
11008
16801
13968
17982
16627
13322
20430
346
29280
4542
4608
5400
25444
2104
26438
11119
7466
9923
24910
4255
30468
29500
2831
3604
5562
15385
698
27789
29986
19370
28653
24957
12272
24735
10794
27569
31184
4043
9097
25396
32690
29479
27561
16496
8805
18970
24300
24213
16232
28407
21988
15679
31741
17864
26888
1363
18046
2122
7340
21801
500
4920
2352
6129
4070
6348
21367
27727
11375
23684
2458
24137
20627
23586
14302
30819
3795
2550
18916
28680
7679
31839
3104
28972
1612
13968
24972
19760
9383
28304
414
4358
30792
29828
21111
18069
28297
7985
13149
25951
8441
25021
19307
13921
14764
28341
12423
12090
29142
3157
31381
2192
24216
32259
5866
5040
26
10012
28676
4980
18138
19187
15736
7274
836
3607
4139
16434
29570
7381
28357
2088
25493
6910
5731
836
5029
16619
13197
27454
22677
18877
10087
9461
10971
5865
11563
8209
6031
11509
29654
23015
18369
28028
34
1950
4624
12920
27317
11152
19064
11969
20120
6643
17516
14288
31722
12473
15141
23753
17110
18100
5177
28345
27330
5630
12399
24091
10697
9624
16082
4514
12396
30289
17924
6706
7556
30442
22485
26671
28283
887
8980
26107
16316
29704
22438
7098
29032
32393
4308
16473
1099
28647
14825
23502
17166
117
8445
24225
2990
18317
11276
21163
19757
4730
25675
2334
3463
8853
19387
27077
3047
5807
12542
18317
21275
943
30058
24133
20549
124
31068
23970
16852
10526
8910
9606
4787
23840
12844
6017
30144
15672
22884
8601
21888
11306
18749
26182
27665
22249
10473
9665
5984
2047
11229
19582
15772
18992
14816
19191
21994
7770
23906
6828
26970
18592
27664
5224
8217
30919
7589
31685
12009
20960
1283
25586
14543
5416
8066
20916
30987
29740
28296
16043
18765
20017
20314
25047
22566
23762
1329
24923
9149
5099
10641
20864
3267
14518
30422
9468
5545
29748
8464
29301
8720
25807
12560
13121
19073
29501
5571
24432
6238
28327
24511
2828
15896
13323
23324
26783
8099
25823
31621
21750
16167
28919
20110
20517
25081
30632
26696
1995
457
17454
32276
22167
24093
26955
9140
23819
16894
16433
24232
6016
20976
20130
951
5483
30248
22614
4812
13790
13562
8093
1283
3410
4497
6469
16644
22691
17122
6078
10640
8540
22242
12668
31321
30517
5623
26269
26391
25306
15021
18892
12504
30190
20907
12389
9623
7248
21989
11737
15889
4765
23827
24149
19924
9718
26721
17566
31129
8451
11624
16192
26579
2615
27485
22759
24456
5974
8328
30733
18784
31285
13304
12757
18172
27330
26486
17463
21640
4675
9655
31582
10388
15331
214
1614
17951
28266
29953
32458
29941
21324
17266
10357
5180
3813
31136
11063
31561
28163
30903
19682
23736
3237
4422
28182
24507
23042
1848
20066
25522
