1
2
3
4
5
6
7
8
9
10
11
12
13
14
15
16
17
18
19
20
21
22
23
24
25
26
27
28
29
30
31
32
33
34
35
36
37
38
39
40
41
42
43
44
45
46
47
48
49
50
51
52
53
54
55
56
57
58
59
60
61
62
63
64
65
66
67
68
69
70
71
72
73
74
75
76
77
78
79
80
81
82
83
84
85
86
87
88
89
90
91
92
93
94
95
96
97
98
99
100
101
102
103
104
105
106
107
108
109
110
111
112
113
114
115
116
117
118
119
120
121
122
123
124
125
126
127
128
129
130
131
132
133
134
135
136
137
138
139
140
141
142
143
144
145
146
147
148
149
150
151
152
153
154
155
156
157
158
159
160
161
162
163
164
165
166
167
168
169
170
171
172
173
174
175
176
177
178
179
180
181
182
183
184
185
186
187
188
189
190
191
192
193
194
195
196
197
198
199
200
201
202
203
204
205
206
207
208
209
210
211
212
213
214
215
216
217
218
219
220
221
222
223
224
225
226
227
228
229
230
231
232
233
234
235
236
237
238
239
240
241
242
243
244
245
246
247
248
249
250
251
252
253
254
255
256
257
258
259
260
261
262
263
264
265
266
267
268
269
270
271
272
273
274
275
276
277
278
279
280
281
282
283
284
285
286
287
288
289
290
291
292
293
294
295
296
297
298
299
300
301
302
303
304
305
306
307
308
309
310
311
312
313
314
315
316
317
318
319
320
321
322
323
324
325
326
327
328
329
330
331
332
333
334
335
336
337
338
339
340
341
342
343
344
345
346
347
348
349
350
351
352
353
354
355
356
357
358
359
360
361
362
363
364
365
366
367
368
369
370
371
372
373
374
375
376
377
378
379
380
381
382
383
384
385
386
387
388
389
390
391
392
393
394
395
396
397
398
399
400
401
402
403
404
405
406
407
408
409
410
411
412
413
414
415
416
417
418
419
420
421
422
423
424
425
426
427
428
429
430
431
432
433
434
435
436
437
438
439
440
441
442
443
444
445
446
447
448
449
450
451
452
453
454
455
456
457
458
459
460
461
462
463
464
465
466
467
468
469
470
471
472
473
474
475
476
477
478
479
480
481
482
483
484
485
486
487
488
489
490
491
492
493
494
495
496
497
498
499
500
501
502
503
504
505
506
507
508
509
510
511
512
513
514
515
516
517
518
519
520
521
522
523
524
525
526
527
528
529
530
531
532
533
534
535
536
537
538
539
540
541
542
543
544
545
546
547
548
549
550
551
552
553
554
555
556
557
558
559
560
561
562
563
564
565
566
567
568
569
570
571
572
573
574
575
576
577
578
579
580
581
582
583
584
585
586
587
588
589
590
591
592
593
594
595
596
597
598
599
600
601
602
603
604
605
606
607
608
609
610
611
612
613
614
615
616
617
618
619
620
621
622
623
624
625
626
627
628
629
630
631
632
633
634
635
636
637
638
639
640
641
642
643
644
645
646
647
648
649
650
651
652
653
654
655
656
657
658
659
660
661
662
663
664
665
666
667
668
669
670
671
672
673
674
675
676
677
678
679
680
681
682
683
684
685
686
687
688
689
690
691
692
693
694
695
696
697
698
699
700
701
702
703
704
705
706
707
708
709
710
711
712
713
714
715
716
717
718
719
720
721
722
723
724
725
726
727
728
729
730
731
732
733
734
735
736
737
738
739
740
741
742
743
744
745
746
747
748
749
750
751
752
753
754
755
756
757
758
759
760
761
762
763
764
765
766
767
768
769
770
771
772
773
774
775
776
777
778
779
780
781
782
783
784
785
786
787
788
789
790
791
792
793
794
795
796
797
798
799
800
801
802
803
804
805
806
807
808
809
810
811
812
813
814
815
816
817
818
819
820
821
822
823
824
825
826
827
828
829
830
831
832
833
834
835
836
837
838
839
840
841
842
843
844
845
846
847
848
849
850
851
852
853
854
855
856
857
858
859
860
861
862
863
864
865
866
867
868
869
870
871
872
873
874
875
876
877
878
879
880
881
882
883
884
885
886
887
888
889
890
891
892
893
894
895
896
897
898
899
900
901
902
903
904
905
906
907
908
909
910
911
912
913
914
915
916
917
918
919
920
921
922
923
924
925
926
927
928
929
930
931
932
933
934
935
936
937
938
939
940
941
942
943
944
945
946
947
948
949
950
951
952
953
954
955
956
957
958
959
960
961
962
963
964
965
966
967
968
969
970
971
972
973
974
975
976
977
978
979
980
981
982
983
984
985
986
987
988
989
990
991
992
993
994
995
996
997
998
999
1000
1001
1002
1003
1004
1005
1006
1007
1008
1009
1010
1011
1012
1013
1014
1015
1016
1017
1018
1019
1020
1021
1022
1023
1024
1025
1026
1027
1028
1029
1030
1031
1032
1033
1034
1035
1036
1037
1038
1039
1040
1041
1042
1043
1044
1045
1046
1047
1048
1049
1050
1051
1052
1053
1054
1055
1056
1057
1058
1059
1060
1061
1062
1063
1064
1065
1066
1067
1068
1069
1070
1071
1072
1073
1074
1075
1076
1077
1078
1079
1080
1081
1082
1083
1084
1085
1086
1087
1088
1089
1090
1091
1092
1093
1094
1095
1096
1097
1098
1099
1100
1101
1102
1103
1104
1105
1106
1107
1108
1109
1110
1111
1112
1113
1114
1115
1116
1117
1118
1119
1120
1121
1122
1123
1124
1125
1126
1127
1128
1129
1130
1131
1132
1133
1134
1135
1136
1137
1138
1139
1140
1141
1142
1143
1144
1145
1146
1147
1148
1149
1150
1151
1152
1153
1154
1155
1156
1157
1158
1159
1160
1161
1162
1163
1164
1165
1166
1167
1168
1169
1170
1171
1172
1173
1174
1175
1176
1177
1178
1179
1180
1181
1182
1183
1184
1185
1186
1187
1188
1189
1190
1191
1192
1193
1194
1195
1196
1197
1198
1199
1200
1201
1202
1203
1204
1205
1206
1207
1208
1209
1210
1211
1212
1213
1214
1215
1216
1217
1218
1219
1220
1221
1222
1223
1224
1225
1226
1227
1228
1229
1230
1231
1232
1233
1234
1235
1236
1237
1238
1239
1240
1241
1242
1243
1244
1245
1246
1247
1248
1249
1250
1251
1252
1253
1254
1255
1256
1257
1258
1259
1260
1261
1262
1263
1264
1265
1266
1267
1268
1269
1270
1271
1272
1273
1274
1275
1276
1277
1278
1279
1280
1281
1282
1283
1284
1285
1286
1287
1288
1289
1290
1291
1292
1293
1294
1295
1296
1297
1298
1299
1300
1301
1302
1303
1304
1305
1306
1307
1308
1309
1310
1311
1312
1313
1314
1315
1316
1317
1318
1319
1320
1321
1322
1323
1324
1325
1326
1327
1328
1329
1330
1331
1332
1333
1334
1335
1336
1337
1338
1339
1340
1341
1342
1343
1344
1345
1346
1347
1348
1349
1350
1351
1352
1353
1354
1355
1356
1357
1358
1359
1360
1361
1362
1363
1364
1365
1366
1367
1368
1369
1370
1371
1372
1373
1374
1375
1376
1377
1378
1379
1380
1381
1382
1383
1384
1385
1386
1387
1388
1389
1390
1391
1392
1393
1394
1395
1396
1397
1398
1399
1400
1401
1402
1403
1404
1405
1406
1407
1408
1409
1410
1411
1412
1413
1414
1415
1416
1417
1418
1419
1420
1421
1422
1423
1424
1425
1426
1427
1428
1429
1430
1431
1432
1433
1434
1435
1436
1437
1438
1439
1440
1441
1442
1443
1444
1445
1446
1447
1448
1449
1450
1451
1452
1453
1454
1455
1456
1457
1458
1459
1460
1461
1462
1463
1464
1465
1466
1467
1468
1469
1470
1471
1472
1473
1474
1475
1476
1477
1478
1479
1480
1481
1482
1483
1484
1485
1486
1487
1488
1489
1490
1491
1492
1493
1494
1495
1496
1497
1498
1499
1500
1501
1502
1503
1504
1505
1506
1507
1508
1509
1510
1511
1512
1513
1514
1515
1516
1517
1518
1519
1520
1521
1522
1523
1524
1525
1526
1527
1528
1529
1530
1531
1532
1533
1534
1535
1536
1537
1538
1539
1540
1541
1542
1543
1544
1545
1546
1547
1548
1549
1550
1551
1552
1553
1554
1555
1556
1557
1558
1559
1560
1561
1562
1563
1564
1565
1566
1567
1568
1569
1570
1571
1572
1573
1574
1575
1576
1577
1578
1579
1580
1581
1582
1583
1584
1585
1586
1587
1588
1589
1590
1591
1592
1593
1594
1595
1596
1597
1598
1599
1600
1601
1602
1603
1604
1605
1606
1607
1608
1609
1610
1611
1612
1613
1614
1615
1616
1617
1618
1619
1620
1621
1622
1623
1624
1625
1626
1627
1628
1629
1630
1631
1632
1633
1634
1635
1636
1637
1638
1639
1640
1641
1642
1643
1644
1645
1646
1647
1648
1649
1650
1651
1652
1653
1654
1655
1656
1657
1658
1659
1660
1661
1662
1663
1664
1665
1666
1667
1668
1669
1670
1671
1672
1673
1674
1675
1676
1677
1678
1679
1680
1681
1682
1683
1684
1685
1686
1687
1688
1689
1690
1691
1692
1693
1694
1695
1696
1697
1698
1699
1700
1701
1702
1703
1704
1705
1706
1707
1708
1709
1710
1711
1712
1713
1714
1715
1716
1717
1718
1719
1720
1721
1722
1723
1724
1725
1726
1727
1728
1729
1730
1731
1732
1733
1734
1735
1736
1737
1738
1739
1740
1741
1742
1743
1744
1745
1746
1747
1748
1749
1750
1751
1752
1753
1754
1755
1756
1757
1758
1759
1760
1761
1762
1763
1764
1765
1766
1767
1768
1769
1770
1771
1772
1773
1774
1775
1776
1777
1778
1779
1780
1781
1782
1783
1784
1785
1786
1787
1788
1789
1790
1791
1792
1793
1794
1795
1796
1797
1798
1799
1800
1801
1802
1803
1804
1805
1806
1807
1808
1809
1810
1811
1812
1813
1814
1815
1816
1817
1818
1819
1820
1821
1822
1823
1824
1825
1826
1827
1828
1829
1830
1831
1832
1833
1834
1835
1836
1837
1838
1839
1840
1841
1842
1843
1844
1845
1846
1847
1848
1849
1850
1851
1852
1853
1854
1855
1856
1857
1858
1859
1860
1861
1862
1863
1864
1865
1866
1867
1868
1869
1870
1871
1872
1873
1874
1875
1876
1877
1878
1879
1880
1881
1882
1883
1884
1885
1886
1887
1888
1889
1890
1891
1892
1893
1894
1895
1896
1897
1898
1899
1900
1901
1902
1903
1904
1905
1906
1907
1908
1909
1910
1911
1912
1913
1914
1915
1916
1917
1918
1919
1920
1921
1922
1923
1924
1925
1926
1927
1928
1929
1930
1931
1932
1933
1934
1935
1936
1937
1938
1939
1940
1941
1942
1943
1944
1945
1946
1947
1948
1949
1950
1951
1952
1953
1954
1955
1956
1957
1958
1959
1960
1961
1962
1963
1964
1965
1966
1967
1968
1969
1970
1971
1972
1973
1974
1975
1976
1977
1978
1979
1980
1981
1982
1983
1984
1985
1986
1987
1988
1989
1990
1991
1992
1993
1994
1995
1996
1997
1998
1999
2000
2001
2002
2003
2004
2005
2006
2007
2008
2009
2010
2011
2012
2013
2014
2015
2016
2017
2018
2019
2020
2021
2022
2023
2024
2025
2026
2027
2028
2029
2030
2031
2032
2033
2034
2035
2036
2037
2038
2039
2040
2041
2042
2043
2044
2045
2046
2047
2048
2049
2050
2051
2052
2053
2054
2055
2056
2057
2058
2059
2060
2061
2062
2063
2064
2065
2066
2067
2068
2069
2070
2071
2072
2073
2074
2075
2076
2077
2078
2079
2080
2081
2082
2083
2084
2085
2086
2087
2088
2089
2090
2091
2092
2093
2094
2095
2096
2097
2098
2099
2100
2101
2102
2103
2104
2105
2106
2107
2108
2109
2110
2111
2112
2113
2114
2115
2116
2117
2118
2119
2120
2121
2122
2123
2124
2125
2126
2127
2128
2129
2130
2131
2132
2133
2134
2135
2136
2137
2138
2139
2140
2141
2142
2143
2144
2145
2146
2147
2148
2149
2150
2151
2152
2153
2154
2155
2156
2157
2158
2159
2160
2161
2162
2163
2164
2165
2166
2167
2168
2169
2170
2171
2172
2173
2174
2175
2176
2177
2178
2179
2180
2181
2182
2183
2184
2185
2186
2187
2188
2189
2190
2191
2192
2193
2194
2195
2196
2197
2198
2199
2200
2201
2202
2203
2204
2205
2206
2207
2208
2209
2210
2211
2212
2213
2214
2215
2216
2217
2218
2219
2220
2221
2222
2223
2224
2225
2226
2227
2228
2229
2230
2231
2232
2233
2234
2235
2236
2237
2238
2239
2240
2241
2242
2243
2244
2245
2246
2247
2248
2249
2250
2251
2252
2253
2254
2255
2256
2257
2258
2259
2260
2261
2262
2263
2264
2265
2266
2267
2268
2269
2270
2271
2272
2273
2274
2275
2276
2277
2278
2279
2280
2281
2282
2283
2284
2285
2286
2287
2288
2289
2290
2291
2292
2293
2294
2295
2296
2297
2298
2299
2300
2301
2302
2303
2304
2305
2306
2307
2308
2309
2310
2311
2312
2313
2314
2315
2316
2317
2318
2319
2320
2321
2322
2323
2324
2325
2326
2327
2328
2329
2330
2331
2332
2333
2334
2335
2336
2337
2338
2339
2340
2341
2342
2343
2344
2345
2346
2347
2348
2349
2350
2351
2352
2353
2354
2355
2356
2357
2358
2359
2360
2361
2362
2363
2364
2365
2366
2367
2368
2369
2370
2371
2372
2373
2374
2375
2376
2377
2378
2379
2380
2381
2382
2383
2384
2385
2386
2387
2388
2389
2390
2391
2392
2393
2394
2395
2396
2397
2398
2399
2400
2401
2402
2403
2404
2405
2406
2407
2408
2409
2410
2411
2412
2413
2414
2415
2416
2417
2418
2419
2420
2421
2422
2423
2424
2425
2426
2427
2428
2429
2430
2431
2432
2433
2434
2435
2436
2437
2438
2439
2440
2441
2442
2443
2444
2445
2446
2447
2448
2449
2450
2451
2452
2453
2454
2455
2456
2457
2458
2459
2460
2461
2462
2463
2464
2465
2466
2467
2468
2469
2470
2471
2472
2473
2474
2475
2476
2477
2478
2479
2480
2481
2482
2483
2484
2485
2486
2487
2488
2489
2490
2491
2492
2493
2494
2495
2496
2497
2498
2499
2500
20717
23717
12372
25843
15239
4134
10280
436
9927
7961
18805
29336
6135
14639
1659
7408
27383
26462
11942
4996
9274
9687
28853
8234
9233
23097
18459
2967
7980
31236
22949
6004
93
30032
862
24245
6048
14783
9136
4134
14937
25008
23499
14150
14556
25525
20811
1881
19762
22088
13076
23737
26395
7097
1409
26733
31055
2667
31167
14844
11273
25920
21619
7043
6342
14418
10147
29702
29514
28132
25555
9220
17381
12184
1134
4174
5876
26594
23400
20249
17834
30652
16418
11089
15377
29851
9614
29232
24651
674
23443
16144
32542
7958
32691
14717
25008
28435
24811
31119
28814
26237
23258
1654
2035
23352
27686
9047
24904
22684
3100
24151
13799
18211
918
5621
32548
15461
19746
26780
30606
1863
16480
17016
16754
19567
3244
32138
22177
18171
18173
18423
9587
370
3853
17574
32524
6906
4027
6665
15070
27852
24237
25403
13167
9190
32569
14156
93
8959
3206
15065
4511
16576
20206
28639
4109
13873
16551
14288
10019
20850
17827
15335
7170
16555
6836
12217
21943
2373
16372
8718
15040
32603
25188
20462
1996
20843
2259
11775
963
31826
2050
7182
13574
15223
517
30443
31736
18758
29932
31866
14013
992
7331
13831
21058
18960
11287
23770
27773
9346
8602
27915
27638
3887
14985
23192
12422
30492
18988
7349
16734
16452
30685
867
7244
26578
10349
2884
2618
5780
5827
9134
7416
14253
24518
6910
14907
26506
1406
9519
22501
20247
11637
12459
19846
16178
7780
32096
24355
8288
16651
10775
25911
2750
10337
11265
13816
6715
25837
25747
13275
21253
10100
18836
9562
10817
30420
21365
14837
1791
32048
9696
24695
20333
12365
9875
21114
22090
22844
30319
31021
15518
16186
204
3925
7081
31188
5392
9362
2841
11855
16000
26084
22400
15430
20054
20333
32004
7573
19475
11129
14937
32118
16406
699
20460
19178
3182
25049
16225
19035
18413
6188
8000
27263
20349
21441
22251
24703
439
16035
22228
20313
22706
348
8428
32387
22041
20153
13663
25553
30081
23758
14206
1176
6393
28474
24316
29204
9186
22188
2398
25863
14337
2470
32685
15523
18642
14977
17518
25770
31007
3762
32212
26324
30418
23371
20531
11121
18696
2757
15544
11599
17510
4092
22616
9438
6576
2683
28422
28306
12951
32762
26409
12425
20691
20261
31053
878
9074
16287
4120
8861
18032
21319
25728
26503
24711
15546
10812
5208
21320
7961
24696
12760
12651
31500
6861
1167
28516
27910
22128
23853
567
8395
12202
18473
24716
7728
2952
24743
6662
21282
2515
19103
30929
32490
21314
6204
24954
25263
6127
7810
25860
23357
21000
32052
14648
18437
8391
24053
2876
25444
20388
11949
24679
28712
24009
23342
31060
24656
6598
18968
27445
22803
9606
8441
25450
14372
30337
5049
18771
32309
9780
17206
12898
17082
9934
28459
23668
5359
12333
32598
8801
28188
30984
10202
7889
6423
4206
11490
29010
13067
27503
2439
22952
10617
31513
32244
7524
22908
24230
18631
27577
13393
1523
4027
13194
3350
22580
15236
8135
29650
13031
19195
11770
16822
21766
24955
4893
15011
2689
5259
25263
26604
11243
15549
11271
4188
18035
19926
487
29051
23
31278
8276
7693
3092
9562
9381
9692
17313
27145
3035
27319
14044
14124
27440
18107
18949
18522
5875
26577
13034
32114
11154
1144
27298
21890
11513
19909
26494
4327
12314
17063
13117
16054
17101
18544
12671
14683
1499
11409
10877
22144
11605
29605
28150
20017
23339
6578
8813
7485
2041
10155
5265
26335
28196
16953
6909
6557
11046
5562
25121
23409
2854
17291
13440
295
13004
13442
4893
5382
6995
29887
12847
12466
5344
31909
11804
11857
17170
2851
3237
29933
18394
30008
24158
25625
4237
3766
5218
8920
31031
4166
24132
21946
14899
7852
9289
72
21496
22348
29140
5538
27958
1517
25633
31847
22306
26558
28982
2517
11277
8086
6935
14386
15420
16256
25402
7274
15604
2935
4666
24313
28116
22894
10191
15371
10344
12948
1790
20194
3578
6613
12941
11385
18347
7076
11706
4455
3267
2808
21805
9989
25414
3988
17450
9171
20168
27020
6667
19224
24961
3589
13294
4041
25508
316
11947
24236
1261
4554
17673
21437
19577
22822
24113
24273
15067
9579
24674
7033
21100
12379
7143
24617
31202
18340
25158
18586
27941
19043
7611
16236
12382
8167
31972
19216
14672
2999
1726
8677
17131
726
10960
18849
32542
26181
8614
17907
6894
18122
12673
6759
18629
5616
11085
9097
17676
26703
13267
2893
2299
11533
11568
23726
8112
32421
21638
31382
20863
28903
26609
32254
6538
65
26813
16214
6545
1596
19926
3879
11
22345
14975
25079
5237
28094
3399
29549
24042
17948
23353
9397
6132
20627
11092
6694
27042
7112
1595
23586
4826
7381
11821
32574
1009
14481
4918
6051
4985
29203
22439
31669
18010
25201
30917
6642
24101
24013
28606
26140
8612
27027
24289
8602
5046
26620
7949
796
3161
7383
16746
382
26633
28552
22872
17903
16713
3665
8869
2386
26751
22224
22531
24804
3588
10185
19897
15903
21116
38
9368
9695
12643
3900
10545
25284
31209
6736
13125
14039
18944
23386
6525
20592
16307
15624
3419
1623
21689
6150
29553
7977
6218
21885
3025
10237
15153
6874
32452
7752
8739
25296
8639
28926
29263
10144
2194
7418
19510
664
14051
26784
10429
25817
1499
705
3200
19806
4639
2238
1386
8250
17922
14321
9859
801
21497
20040
30216
25386
13647
24115
449
2003
281
6593
3471
22342
12141
22790
4165
12251
7375
24511
29368
31453
25068
9785
17690
23697
21387
10606
24195
9588
16064
1649
6865
26821
13666
25869
10930
23619
32448
30121
10751
25912
144
1647
28748
30390
13352
29614
20413
9505
31729
30588
13851
4845
27928
7327
25638
6825
24966
22702
12077
23101
26131
4467
221
880
22774
4500
2391
5549
19584
12402
22405
25862
523
12626
19373
4729
4397
7611
6214
22898
3889
7966
17675
22162
19143
7101
26703
11183
28666
6853
2704
9500
10339
13245
26702
17450
2972
3364
1565
21230
29688
11862
19194
25925
2929
10416
5339
27414
9442
23540
31626
14295
13687
23023
13746
9043
609
11609
21562
10154
22222
2044
18387
8345
22040
7193
25805
4091
15932
9479
22831
2960
11919
25373
18694
14334
18092
3794
1277
29973
12721
1827
3886
8023
29099
16181
25144
2744
32590
12092
11922
6818
4586
19611
543
6972
9114
19789
3586
16364
1471
14979
32435
27419
6572
5774
6738
9016
419
6656
6460
22783
24065
19470
27869
25339
27317
31289
26821
21065
4342
21294
509
1184
16694
10474
6299
6030
10577
7713
32660
8452
6923
17121
14034
20757
14009
25715
2950
24827
11838
5250
4800
29531
13369
11134
12861
18890
27517
19011
11135
29583
27330
7926
23843
22954
10394
28976
11888
19478
25510
14687
22828
29772
23305
18281
1459
20744
27421
15506
27978
8015
25189
23711
30384
21681
8899
31291
246
3788
25323
667
20625
7185
9240
27742
21166
459
12286
3511
10949
9052
13055
7629
15985
28362
18081
25954
13183
12923
64
25267
5188
61
22528
25760
3636
16778
31750
24845
32433
24841
25576
2696
16929
11607
14433
26924
31043
22792
25418
31429
14531
15337
23493
7733
22284
14728
700
19990
19549
28919
9098
28320
22815
6604
27895
13005
26230
12908
30314
23740
21782
25482
9562
23891
11864
15594
1798
5929
27532
12139
29286
18595
18321
26692
1633
24925
20132
29070
22592
18123
8310
15363
26211
19488
6273
30213
9010
24942
20635
21474
11351
15887
12748
11606
555
2629
1885
5201
21357
19485
18481
18683
12602
7065
2649
12021
16185
25101
21730
10210
13335
10442
17393
30503
15923
15098
13075
4846
8346
7883
25038
1649
7221
10704
18044
18805
31041
13476
857
12564
17664
12752
12762
24000
6062
11246
30784
19077
30391
28431
7534
24974
10023
24923
3831
14827
1122
20215
3452
25234
12053
11564
29493
24227
10348
6341
18637
14064
11654
5048
7283
17596
26406
17929
20270
6595
16811
17900
19568
10619
322
11050
24559
6042
26202
29125
7600
20440
30296
28639
4196
19190
15500
25304
8696
9471
5988
22455
29288
26830
26080
29387
4308
13520
10566
23186
19157
7435
28439
18905
1553
28255
5953
3365
22541
14092
19094
28498
20547
14453
13693
22906
10357
9764
23272
10776
20288
22029
4998
1901
244
17943
3385
12579
25251
6872
24266
5425
21368
31648
988
11262
26698
28602
21790
24521
17777
8430
20677
840
19161
10058
18234
7055
18005
16931
16399
308
8245
8790
11064
7345
13850
10707
12920
16905
22537
17501
16153
28591
7103
15755
2016
29859
31300
14355
15168
16862
27587
10823
6606
27376
30105
992
5365
6632
24236
24827
17899
31348
32254
28257
20707
24649
22402
25355
2181
11461
31534
13030
26011
14291
23121
24275
9997
16400
1831
1522
11791
9772
4778
7200
27289
30610
31916
27070
27671
3147
27171
14517
27235
15391
5572
21174
23280
28414
11987
13511
26184
3231
6713
7163
20920
3943
18903
20352
12617
16012
7706
19423
30195
21370
1487
13184
11278
3702
20537
10349
32265
32385
25953
29527
20318
127
22702
7134
965
14744
2485
22029
18089
4319
18258
26916
26328
27697
10488
29595
6782
13408
4677
12387
16212
25745
5338
8559
27413
10467
9321
17267
24626
20562
20751
12012
15046
5594
31717
19040
27084
1247
14802
29159
18576
31948
22691
14314
27747
6139
14941
9003
31379
31189
31441
3589
6810
18490
4978
2806
22678
21539
29028
29274
3065
13701
12757
32121
5762
24185
30864
4804
3948
27035
5327
10076
12005
10159
26705
22996
3521
12427
17581
10808
3440
31537
13030
29518
31789
16699
22847
2331
18809
12668
29521
8361
24264
13796
4186
25864
28794
20644
3032
23955
23308
21651
29783
2420
24720
31952
21639
21611
23130
10153
4753
18635
13053
14524
22955
8901
15478
26204
16875
10472
13990
30263
10840
28137
6662
11573
31047
24480
31382
30371
14053
18260
5910
1680
13840
7992
26745
31607
16235
24885
17815
17183
29361
13034
28450
18112
21065
4850
6107
8807
11547
27493
15621
27547
23203
11681
25370
19265
32067
23370
2750
28349
16094
8335
29169
5210
15266
25519
30088
14060
3877
28092
9950
7348
14260
4256
27079
19843
17384
28253
11973
13346
32377
17817
7551
28402
3159
26457
17262
5072
12535
14861
6874
27451
11499
28109
32261
26297
27318
17890
23206
22134
28126
7048
14744
8751
14403
32242
28372
2382
6574
5007
1437
11863
7597
8332
15610
29058
2975
22170
10345
24234
11531
20977
18642
12901
20022
26516
12730
14965
11508
10455
3769
5471
18878
16415
7470
5465
20229
2794
28209
19049
710
5391
1225
30668
30303
22854
9311
30869
26785
27370
25459
22422
3622
27902
22158
7811
13284
31343
26488
8277
28675
25496
11434
17133
21740
25867
21766
3066
23203
15247
31686
29980
29270
14693
30899
19274
30774
16592
151
7537
30597
18388
10740
32349
29936
18749
10742
7645
13088
18147
23975
32034
9612
16685
29538
17001
1425
18388
18570
28634
15812
2025
20347
431
8071
31514
4545
14232
5850
7217
8841
3422
20596
17629
5460
9927
1555
6325
19699
12987
25872
8570
13999
2468
17206
156
17864
2843
5588
23040
17185
32448
24337
23553
17721
31849
1408
2229
25693
8064
18932
9329
32540
2470
20374
28047
8956
30876
27188
366
28011
29540
9948
4795
30968
21155
17066
21743
10947
10314
990
16665
29746
19061
10545
6110
23782
1428
25450
17598
26862
14792
3372
1689
12090
26512
5394
369
13394
28580
19966
7537
23880
2593
6573
22318
3818
14567
8591
25902
19773
14655
4566
22183
28455
14530
2765
3976
14956
20854
15468
17853
31708
4409
24617
25519
28618
4195
1296
29707
3775
23463
25110
31429
4720
13626
8875
24412
18158
28983
24974
19551
31773
28995
17893
10288
11111
877
30349
2824
9649
10327
22447
22075
23950
1179
18068
20670
8627
360
18362
27878
23468
24684
23335
7026
9933
18167
27389
20428
21354
1117
2127
6540
10827
6044
27187
30526
1114
14398
25368
18021
2719
26241
16474
29888
12910
18102
18452
22219
18911
19431
18742
18313
10367
30140
29143
30081
22597
9631
24524
262
19144
20255
8057
20412
28334
1938
3303
14680
14696
14591
19223
29095
31005
31803
17814
21458
739
24145
28754
29408
4405
5415
14764
4988
26274
26463
25294
29433
2242
19324
12863
32659
10094
582
13492
26104
1072
12399
42
6151
28153
15222
11569
12503
9490
28108
31371
23035
15189
9782
20213
5636
17565
5746
3397
5192
27515
21789
28341
29154
15915
18132
22399
3066
18374
8858
22954
18247
18872
5497
23075
28881
10613
18796
3087
7164
26216
21373
13920
8642
11308
19755
30630
9536
21759
7438
31784
16756
28788
12990
23092
17477
8808
14832
2227
6851
28214
2274
9216
21169
16943
19962
29947
21825
22340
16554
28249
16158
14598
22934
5182
31151
2513
22009
525
31131
22339
2628
639
18056
4851
18441
28146
12329
864
23320
17156
21623
16680
25064
11617
23358
5243
1336
28377
2780
18126
21237
24246
6725
15572
16479
29516
25675
27818
5992
2513
24605
1106
21340
24687
781
21602
12487
30360
28566
21245
29844
18330
5533
19203
11890
4979
10231
2949
31356
10726
2860
11132
1560
27598
8570
13754
23583
30387
6173
20768
15423
11931
6606
14610
414
6690
2698
6696
23744
17613
12436
10022
25771
7068
28349
31279
17225
30686
29667
5685
269
19529
952
7348
13273
10314
15556
2976
5408
1434
32686
6044
17224
5138
23479
30316
12882
30656
9351
11693
4028
11578
5420
14787
7590
2098
9312
8468
18741
75
28170
18292
53
16427
22024
5599
2562
10962
18476
19054
26536
19242
14724
1156
32585
25055
20191
24904
5823
1392
19596
15449
24963
2183
13157
26813
9677
6790
12045
30234
15613
22114
14709
22056
29498
13236
6053
30310
2649
3597
5049
8716
25600
13962
6185
16449
5899
17321
4174
17039
29742
4955
12834
22420
15836
13147
5448
13818
5992
9149
15180
5033
28523
10186
27947
7482
26981
6411
4630
431
2727
28836
25459
26210
11888
31460
8741
22332
1366
26905
12557
1831
9191
13737
14544
29894
25745
3678
14555
18275
8383
14594
10661
30761
1349
9772
5172
7059
1534
9817
17123
24356
13491
30014
28514
3929
32575
3933
4606
14812
6385
1495
13859
16378
4914
17537
30751
27991
26984
32313
4136
26336
1050
13179
3745
1538
30548
1839
11673
29721
77
21957
23445
6700
1607
17028
25487
14551
8887
12063
22078
15496
29862
20874
6296
8687
17239
23563
15254
32431
13354
27540
311
602
6080
12368
12999
924
4704
1148
11361
28086
9113
25976
16819
8750
20777
798
24577
8901
31006
22866
4460
6058
3899
2010
17781
1517
18845
23665
701
18998
159
17174
26126
11191
17914
4266
4767
7007
30513
23482
30612
29521
20268
22426
3781
19092
15138
26035
30912
12556
30397
20765
6673
26537
13177
26737
7617
26846
20302
27096
284
21845
24206
30056
3255
6369
3344
31153
24242
23476
6798
20114
27195
5074
30284
29266
4179
19141
15866
7403
13781
27538
9180
7593
31412
11501
40
14068
30340
27561
4528
27754
7740
2418
12736
30514
14138
9150
32586
21644
31623
14081
17728
8876
21341
544
8258
16328
18406
15913
10105
24432
4935
32321
7363
2590
29149
19422
26640
15118
6342
21302
25100
4175
30116
13303
12798
16667
7069
19000
17135
20068
423
943
5136
8623
30210
5413
26710
3621
27397
9256
6503
26599
286
14592
4537
9635
29205
3300
12792
16485
16784
2157
9641
17839
22236
1610
27406
20427
25578
11830
4681
22624
15768
31783
30659
6468
2354
18376
32207
28561
25401
24618
2443
29947
25443
4022
18183
17248
8674
7271
30890
5793
8681
6198
21969
16561
17773
5589
15544
9195
