1
2
3
4
5
6
7
8
9
10
11
12
13
14
15
16
17
18
19
20
21
22
23
24
25
26
27
28
29
30
31
32
33
34
35
36
37
38
39
40
41
42
43
44
45
46
47
48
49
50
51
52
53
54
55
56
57
58
59
60
61
62
63
64
65
66
67
68
69
70
71
72
73
74
75
76
77
78
79
80
81
82
83
84
85
86
87
88
89
90
91
92
93
94
95
96
97
98
99
100
101
102
103
104
105
106
107
108
109
110
111
112
113
114
115
116
117
118
119
120
121
122
123
124
125
126
127
128
129
130
131
132
133
134
135
136
137
138
139
140
141
142
143
144
145
146
147
148
149
150
151
152
153
154
155
156
157
158
159
160
161
162
163
164
165
166
167
168
169
170
171
172
173
174
175
176
177
178
179
180
181
182
183
184
185
186
187
188
189
190
191
192
193
194
195
196
197
198
199
200
201
202
203
204
205
206
207
208
209
210
211
212
213
214
215
216
217
218
219
220
221
222
223
224
225
226
227
228
229
230
231
232
233
234
235
236
237
238
239
240
241
242
243
244
245
246
247
248
249
250
251
252
253
254
255
256
257
258
259
260
261
262
263
264
265
266
267
268
269
270
271
272
273
274
275
276
277
278
279
280
281
282
283
284
285
286
287
288
289
290
291
292
293
294
295
296
297
298
299
300
301
302
303
304
305
306
307
308
309
310
311
312
313
314
315
316
317
318
319
320
321
322
323
324
325
326
327
328
329
330
331
332
333
334
335
336
337
338
339
340
341
342
343
344
345
346
347
348
349
350
351
352
353
354
355
356
357
358
359
360
361
362
363
364
365
366
367
368
369
370
371
372
373
374
375
376
377
378
379
380
381
382
383
384
385
386
387
388
389
390
391
392
393
394
395
396
397
398
399
400
401
402
403
404
405
406
407
408
409
410
411
412
413
414
415
416
417
418
419
420
421
422
423
424
425
426
427
428
429
430
431
432
433
434
435
436
437
438
439
440
441
442
443
444
445
446
447
448
449
450
451
452
453
454
455
456
457
458
459
460
461
462
463
464
465
466
467
468
469
470
471
472
473
474
475
476
477
478
479
480
481
482
483
484
485
486
487
488
489
490
491
492
493
494
495
496
497
498
499
500
501
502
503
504
505
506
507
508
509
510
511
512
513
514
515
516
517
518
519
520
521
522
523
524
525
526
527
528
529
530
531
532
533
534
535
536
537
538
539
540
541
542
543
544
545
546
547
548
549
550
551
552
553
554
555
556
557
558
559
560
561
562
563
564
565
566
567
568
569
570
571
572
573
574
575
576
577
578
579
580
581
582
583
584
585
586
587
588
589
590
591
592
593
594
595
596
597
598
599
600
601
602
603
604
605
606
607
608
609
610
611
612
613
614
615
616
617
618
619
620
621
622
623
624
625
626
627
628
629
630
631
632
633
634
635
636
637
638
639
640
641
642
643
644
645
646
647
648
649
650
651
652
653
654
655
656
657
658
659
660
661
662
663
664
665
666
667
668
669
670
671
672
673
674
675
676
677
678
679
680
681
682
683
684
685
686
687
688
689
690
691
692
693
694
695
696
697
698
699
700
701
702
703
704
705
706
707
708
709
710
711
712
713
714
715
716
717
718
719
720
721
722
723
724
725
726
727
728
729
730
731
732
733
734
735
736
737
738
739
740
741
742
743
744
745
746
747
748
749
750
751
752
753
754
755
756
757
758
759
760
761
762
763
764
765
766
767
768
769
770
771
772
773
774
775
776
777
778
779
780
781
782
783
784
785
786
787
788
789
790
791
792
793
794
795
796
797
798
799
800
801
802
803
804
805
806
807
808
809
810
811
812
813
814
815
816
817
818
819
820
821
822
823
824
825
826
827
828
829
830
831
832
833
834
835
836
837
838
839
840
841
842
843
844
845
846
847
848
849
850
851
852
853
854
855
856
857
858
859
860
861
862
863
864
865
866
867
868
869
870
871
872
873
874
875
876
877
878
879
880
881
882
883
884
885
886
887
888
889
890
891
892
893
894
895
896
897
898
899
900
901
902
903
904
905
906
907
908
909
910
911
912
913
914
915
916
917
918
919
920
921
922
923
924
925
926
927
928
929
930
931
932
933
934
935
936
937
938
939
940
941
942
943
944
945
946
947
948
949
950
951
952
953
954
955
956
957
958
959
960
961
962
963
964
965
966
967
968
969
970
971
972
973
974
975
976
977
978
979
980
981
982
983
984
985
986
987
988
989
990
991
992
993
994
995
996
997
998
999
1000
1001
1002
1003
1004
1005
1006
1007
1008
1009
1010
1011
1012
1013
1014
1015
1016
1017
1018
1019
1020
1021
1022
1023
1024
1025
1026
1027
1028
1029
1030
1031
1032
1033
1034
1035
1036
1037
1038
1039
1040
1041
1042
1043
1044
1045
1046
1047
1048
1049
1050
1051
1052
1053
1054
1055
1056
1057
1058
1059
1060
1061
1062
1063
1064
1065
1066
1067
1068
1069
1070
1071
1072
1073
1074
1075
1076
1077
1078
1079
1080
1081
1082
1083
1084
1085
1086
1087
1088
1089
1090
1091
1092
1093
1094
1095
1096
1097
1098
1099
1100
1101
1102
1103
1104
1105
1106
1107
1108
1109
1110
1111
1112
1113
1114
1115
1116
1117
1118
1119
1120
1121
1122
1123
1124
1125
1126
1127
1128
1129
1130
1131
1132
1133
1134
1135
1136
1137
1138
1139
1140
1141
1142
1143
1144
1145
1146
1147
1148
1149
1150
1151
1152
1153
1154
1155
1156
1157
1158
1159
1160
1161
1162
1163
1164
1165
1166
1167
1168
1169
1170
1171
1172
1173
1174
1175
1176
1177
1178
1179
1180
1181
1182
1183
1184
1185
1186
1187
1188
1189
1190
1191
1192
1193
1194
1195
1196
1197
1198
1199
1200
1201
1202
1203
1204
1205
1206
1207
1208
1209
1210
1211
1212
1213
1214
1215
1216
1217
1218
1219
1220
1221
1222
1223
1224
1225
1226
1227
1228
1229
1230
1231
1232
1233
1234
1235
1236
1237
1238
1239
1240
1241
1242
1243
1244
1245
1246
1247
1248
1249
1250
1251
1252
1253
1254
1255
1256
1257
1258
1259
1260
1261
1262
1263
1264
1265
1266
1267
1268
1269
1270
1271
1272
1273
1274
1275
1276
1277
1278
1279
1280
1281
1282
1283
1284
1285
1286
1287
1288
1289
1290
1291
1292
1293
1294
1295
1296
1297
1298
1299
1300
1301
1302
1303
1304
1305
1306
1307
1308
1309
1310
1311
1312
1313
1314
1315
1316
1317
1318
1319
1320
1321
1322
1323
1324
1325
1326
1327
1328
1329
1330
1331
1332
1333
1334
1335
1336
1337
1338
1339
1340
1341
1342
1343
1344
1345
1346
1347
1348
1349
1350
1351
1352
1353
1354
1355
1356
1357
1358
1359
1360
1361
1362
1363
1364
1365
1366
1367
1368
1369
1370
1371
1372
1373
1374
1375
1376
1377
1378
1379
1380
1381
1382
1383
1384
1385
1386
1387
1388
1389
1390
1391
1392
1393
1394
1395
1396
1397
1398
1399
1400
1401
1402
1403
1404
1405
1406
1407
1408
1409
1410
1411
1412
1413
1414
1415
1416
1417
1418
1419
1420
1421
1422
1423
1424
1425
1426
1427
1428
1429
1430
1431
1432
1433
1434
1435
1436
1437
1438
1439
1440
1441
1442
1443
1444
1445
1446
1447
1448
1449
1450
1451
1452
1453
1454
1455
1456
1457
1458
1459
1460
1461
1462
1463
1464
1465
1466
1467
1468
1469
1470
1471
1472
1473
1474
1475
1476
1477
1478
1479
1480
1481
1482
1483
1484
1485
1486
1487
1488
1489
1490
1491
1492
1493
1494
1495
1496
1497
1498
1499
1500
1501
1502
1503
1504
1505
1506
1507
1508
1509
1510
1511
1512
1513
1514
1515
1516
1517
1518
1519
1520
1521
1522
1523
1524
1525
1526
1527
1528
1529
1530
1531
1532
1533
1534
1535
1536
1537
1538
1539
1540
1541
1542
1543
1544
1545
1546
1547
1548
1549
1550
1551
1552
1553
1554
1555
1556
1557
1558
1559
1560
1561
1562
1563
1564
1565
1566
1567
1568
1569
1570
1571
1572
1573
1574
1575
1576
1577
1578
1579
1580
1581
1582
1583
1584
1585
1586
1587
1588
1589
1590
1591
1592
1593
1594
1595
1596
1597
1598
1599
1600
1601
1602
1603
1604
1605
1606
1607
1608
1609
1610
1611
1612
1613
1614
1615
1616
1617
1618
1619
1620
1621
1622
1623
1624
1625
1626
1627
1628
1629
1630
1631
1632
1633
1634
1635
1636
1637
1638
1639
1640
1641
1642
1643
1644
1645
1646
1647
1648
1649
1650
1651
1652
1653
1654
1655
1656
1657
1658
1659
1660
1661
1662
1663
1664
1665
1666
1667
1668
1669
1670
1671
1672
1673
1674
1675
1676
1677
1678
1679
1680
1681
1682
1683
1684
1685
1686
1687
1688
1689
1690
1691
1692
1693
1694
1695
1696
1697
1698
1699
1700
1701
1702
1703
1704
1705
1706
1707
1708
1709
1710
1711
1712
1713
1714
1715
1716
1717
1718
1719
1720
1721
1722
1723
1724
1725
1726
1727
1728
1729
1730
1731
1732
1733
1734
1735
1736
1737
1738
1739
1740
1741
1742
1743
1744
1745
1746
1747
1748
1749
1750
1751
1752
1753
1754
1755
1756
1757
1758
1759
1760
1761
1762
1763
1764
1765
1766
1767
1768
1769
1770
1771
1772
1773
1774
1775
1776
1777
1778
1779
1780
1781
1782
1783
1784
1785
1786
1787
1788
1789
1790
1791
1792
1793
1794
1795
1796
1797
1798
1799
1800
1801
1802
1803
1804
1805
1806
1807
1808
1809
1810
1811
1812
1813
1814
1815
1816
1817
1818
1819
1820
1821
1822
1823
1824
1825
1826
1827
1828
1829
1830
1831
1832
1833
1834
1835
1836
1837
1838
1839
1840
1841
1842
1843
1844
1845
1846
1847
1848
1849
1850
1851
1852
1853
1854
1855
1856
1857
1858
1859
1860
1861
1862
1863
1864
1865
1866
1867
1868
1869
1870
1871
1872
1873
1874
1875
1876
1877
1878
1879
1880
1881
1882
1883
1884
1885
1886
1887
1888
1889
1890
1891
1892
1893
1894
1895
1896
1897
1898
1899
1900
1901
1902
1903
1904
1905
1906
1907
1908
1909
1910
1911
1912
1913
1914
1915
1916
1917
1918
1919
1920
1921
1922
1923
1924
1925
1926
1927
1928
1929
1930
1931
1932
1933
1934
1935
1936
1937
1938
1939
1940
1941
1942
1943
1944
1945
1946
1947
1948
1949
1950
1951
1952
1953
1954
1955
1956
1957
1958
1959
1960
1961
1962
1963
1964
1965
1966
1967
1968
1969
1970
1971
1972
1973
1974
1975
1976
1977
1978
1979
1980
1981
1982
1983
1984
1985
1986
1987
1988
1989
1990
1991
1992
1993
1994
1995
1996
1997
1998
1999
2000
2001
2002
2003
2004
2005
2006
2007
2008
2009
2010
2011
2012
2013
2014
2015
2016
2017
2018
2019
2020
2021
2022
2023
2024
2025
2026
2027
2028
2029
2030
2031
2032
2033
2034
2035
2036
2037
2038
2039
2040
2041
2042
2043
2044
2045
2046
2047
2048
2049
2050
2051
2052
2053
2054
2055
2056
2057
2058
2059
2060
2061
2062
2063
2064
2065
2066
2067
2068
2069
2070
2071
2072
2073
2074
2075
2076
2077
2078
2079
2080
2081
2082
2083
2084
2085
2086
2087
2088
2089
2090
2091
2092
2093
2094
2095
2096
2097
2098
2099
2100
2101
2102
2103
2104
2105
2106
2107
2108
2109
2110
2111
2112
2113
2114
2115
2116
2117
2118
2119
2120
2121
2122
2123
2124
2125
2126
2127
2128
2129
2130
2131
2132
2133
2134
2135
2136
2137
2138
2139
2140
2141
2142
2143
2144
2145
2146
2147
2148
2149
2150
2151
2152
2153
2154
2155
2156
2157
2158
2159
2160
2161
2162
2163
2164
2165
2166
2167
2168
2169
2170
2171
2172
2173
2174
2175
2176
2177
2178
2179
2180
2181
2182
2183
2184
2185
2186
2187
2188
2189
2190
2191
2192
2193
2194
2195
2196
2197
2198
2199
2200
2201
2202
2203
2204
2205
2206
2207
2208
2209
2210
2211
2212
2213
2214
2215
2216
2217
2218
2219
2220
2221
2222
2223
2224
2225
2226
2227
2228
2229
2230
2231
2232
2233
2234
2235
2236
2237
2238
2239
2240
2241
2242
2243
2244
2245
2246
2247
2248
2249
2250
2251
2252
2253
2254
2255
2256
2257
2258
2259
2260
2261
2262
2263
2264
2265
2266
2267
2268
2269
2270
2271
2272
2273
2274
2275
2276
2277
2278
2279
2280
2281
2282
2283
2284
2285
2286
2287
2288
2289
2290
2291
2292
2293
2294
2295
2296
2297
2298
2299
2300
2301
2302
2303
2304
2305
2306
2307
2308
2309
2310
2311
2312
2313
2314
2315
2316
2317
2318
2319
2320
2321
2322
2323
2324
2325
2326
2327
2328
2329
2330
2331
2332
2333
2334
2335
2336
2337
2338
2339
2340
2341
2342
2343
2344
2345
2346
2347
2348
2349
2350
2351
2352
2353
2354
2355
2356
2357
2358
2359
2360
2361
2362
2363
2364
2365
2366
2367
2368
2369
2370
2371
2372
2373
2374
2375
2376
2377
2378
2379
2380
2381
2382
2383
2384
2385
2386
2387
2388
2389
2390
2391
2392
2393
2394
2395
2396
2397
2398
2399
2400
2401
2402
2403
2404
2405
2406
2407
2408
2409
2410
2411
2412
2413
2414
2415
2416
2417
2418
2419
2420
2421
2422
2423
2424
2425
2426
2427
2428
2429
2430
2431
2432
2433
2434
2435
2436
2437
2438
2439
2440
2441
2442
2443
2444
2445
2446
2447
2448
2449
2450
2451
2452
2453
2454
2455
2456
2457
2458
2459
2460
2461
2462
2463
2464
2465
2466
2467
2468
2469
2470
2471
2472
2473
2474
2475
2476
2477
2478
2479
2480
2481
2482
2483
2484
2485
2486
2487
2488
2489
2490
2491
2492
2493
2494
2495
2496
2497
2498
2499
2500
2501
2502
2503
2504
2505
2506
2507
2508
2509
2510
2511
2512
2513
2514
2515
2516
2517
2518
2519
2520
2521
2522
2523
2524
2525
2526
2527
2528
2529
2530
2531
2532
2533
2534
2535
2536
2537
2538
2539
2540
2541
2542
2543
2544
2545
2546
2547
2548
2549
2550
2551
2552
2553
2554
2555
2556
2557
2558
2559
2560
2561
2562
2563
2564
2565
2566
2567
2568
2569
2570
2571
2572
2573
2574
2575
2576
2577
2578
2579
2580
2581
2582
2583
2584
2585
2586
2587
2588
2589
2590
2591
2592
2593
2594
2595
2596
2597
2598
2599
2600
2601
2602
2603
2604
2605
2606
2607
2608
2609
2610
2611
2612
2613
2614
2615
2616
2617
2618
2619
2620
2621
2622
2623
2624
2625
2626
2627
2628
2629
2630
2631
2632
2633
2634
2635
2636
2637
2638
2639
2640
2641
2642
2643
2644
2645
2646
2647
2648
2649
2650
2651
2652
2653
2654
2655
2656
2657
2658
2659
2660
2661
2662
2663
2664
2665
2666
2667
2668
2669
2670
2671
2672
2673
2674
2675
2676
2677
2678
2679
2680
2681
2682
2683
2684
2685
2686
2687
2688
2689
2690
2691
2692
2693
2694
2695
2696
2697
2698
2699
2700
2701
2702
2703
2704
2705
2706
2707
2708
2709
2710
2711
2712
2713
2714
2715
2716
2717
2718
2719
2720
2721
2722
2723
2724
2725
2726
2727
2728
2729
2730
2731
2732
2733
2734
2735
2736
2737
2738
2739
2740
2741
2742
2743
2744
2745
2746
2747
2748
2749
2750
2751
2752
2753
2754
2755
2756
2757
2758
2759
2760
2761
2762
2763
2764
2765
2766
2767
2768
2769
2770
2771
2772
2773
2774
2775
2776
2777
2778
2779
2780
2781
2782
2783
2784
2785
2786
2787
2788
2789
2790
2791
2792
2793
2794
2795
2796
2797
2798
2799
2800
2801
2802
2803
2804
2805
2806
2807
2808
2809
2810
2811
2812
2813
2814
2815
2816
2817
2818
2819
2820
2821
2822
2823
2824
2825
2826
2827
2828
2829
2830
2831
2832
2833
2834
2835
2836
2837
2838
2839
2840
2841
2842
2843
2844
2845
2846
2847
2848
2849
2850
2851
2852
2853
2854
2855
2856
2857
2858
2859
2860
2861
2862
2863
2864
2865
2866
2867
2868
2869
2870
2871
2872
2873
2874
2875
2876
2877
2878
2879
2880
2881
2882
2883
2884
2885
2886
2887
2888
2889
2890
2891
2892
2893
2894
2895
2896
2897
2898
2899
2900
2901
2902
2903
2904
2905
2906
2907
2908
2909
2910
2911
2912
2913
2914
2915
2916
2917
2918
2919
2920
2921
2922
2923
2924
2925
2926
2927
2928
2929
2930
2931
2932
2933
2934
2935
2936
2937
2938
2939
2940
2941
2942
2943
2944
2945
2946
2947
2948
2949
2950
2951
2952
2953
2954
2955
2956
2957
2958
2959
2960
2961
2962
2963
2964
2965
2966
2967
2968
2969
2970
2971
2972
2973
2974
2975
2976
2977
2978
2979
2980
2981
2982
2983
2984
2985
2986
2987
2988
2989
2990
2991
2992
2993
2994
2995
2996
2997
2998
2999
3000
23049
30367
20638
3849
7045
22539
4346
7514
2722
9153
11504
28018
19117
32236
19919
501
6150
9336
8355
24395
712
20261
1535
3152
15532
21978
28410
2893
32299
4413
2936
24360
18147
10624
11691
28887
32060
18301
1753
26906
12619
23558
8543
21098
1783
29046
15350
5932
2906
15244
27189
12331
31082
22906
7767
5957
12760
32312
63
21093
27192
29470
13753
10929
22371
10418
3
25604
22297
18879
21132
2206
23787
1191
18171
7450
9816
32505
4723
20641
31287
10054
24597
32094
30549
22833
13511
3377
13918
1990
16436
5800
17153
25101
16148
17963
12367
9694
21166
26486
19556
5366
29083
9037
14154
16459
21964
17770
24858
7581
3023
7867
13156
6990
1869
22474
27089
9843
24792
18301
24071
22315
8419
8703
19149
14128
15378
5118
19056
22187
9397
7703
5221
9037
5519
17550
15919
13723
31195
26435
900
2185
5777
21985
22955
20299
22757
29785
21032
23912
28176
911
4251
21776
2132
25170
22502
4015
30010
23186
29326
29890
26911
20173
31332
13034
9198
23499
17252
3902
21295
17035
28125
16102
21825
11901
25554
32486
16867
11250
17824
24119
23546
25296
2530
28188
20622
27018
21650
19635
26389
17487
18801
15818
1780
25730
23976
17909
13891
15467
27823
31709
30160
15148
5230
987
7783
17654
7330
27078
9041
31612
28035
19721
24091
27304
22948
4856
18329
28045
16154
4964
16937
24478
17376
29548
22844
28189
12666
8855
6675
7638
13273
11808
27079
22796
32639
24209
31884
6580
8931
21395
21046
993
1815
4613
23549
1152
25512
14411
12157
18501
10694
19689
27393
7909
10916
23376
12032
7814
32034
21239
20712
7027
26282
23726
11035
18453
19287
6704
11831
4383
26973
1015
6043
2568
25509
22868
28967
32190
24503
22206
15938
30617
15069
9835
31266
22669
6789
16157
19272
19621
23528
9535
4169
13484
9961
16944
10708
22573
10304
17887
9713
29599
14039
18072
12423
30425
26740
4893
27937
1996
22937
27385
7665
7536
11433
4369
15382
18175
1099
27772
25882
29538
32019
11156
16831
19688
27232
7501
18939
32062
23168
13510
2625
28060
9755
27422
19970
22332
3790
29577
21364
14352
12566
30115
27794
32692
19824
16900
12644
2210
11454
13588
10112
12709
9197
15392
721
11152
31445
12462
25495
20271
14944
32270
13743
3966
9711
17714
5397
23577
25593
29376
23463
2036
6645
31588
15403
2124
32635
12907
3732
8157
11430
28302
12673
19030
10172
28939
9479
31754
30225
17147
17072
2536
13352
31967
14019
19885
31004
11388
7878
23128
2366
19689
28994
21726
7168
1254
4806
17696
14610
8047
15406
29466
28874
29329
5669
9309
29641
10365
11753
19903
19932
7899
10063
3409
18464
20576
20486
145
13930
31907
30751
19169
13285
556
13261
24632
4861
7886
27242
26648
1148
2616
22203
19648
14835
7878
23669
19106
1884
1181
22272
5143
18429
4854
17786
23890
2704
23482
30719
25746
18592
5456
8744
19100
11574
22194
30417
20329
11957
22983
12576
18204
3
14317
11971
23351
7401
21716
32632
27661
30141
27539
3539
9851
32318
29173
17724
8659
9151
17940
22839
6681
28296
23082
4584
6770
21113
21155
16854
11225
29424
19063
18671
23572
24045
12726
18636
12518
628
31333
28215
23431
26163
1928
29674
16465
24165
4736
17050
9916
20470
31383
21044
9612
15080
13018
12391
8009
5365
16935
20578
25328
14198
2438
2015
17640
25731
17596
23904
17463
10076
31006
3000
4086
5127
18084
24270
258
10811
20286
19870
23541
24445
10347
30080
28501
5257
2823
23213
25099
31219
13668
4607
17942
10254
13213
14328
17280
28173
551
22790
28561
7272
16041
12037
9284
20098
23310
22534
27639
30600
1752
27215
21862
13980
17079
2467
17370
13875
21082
25027
3998
6843
133
10804
2739
17538
26980
5955
15812
26835
16159
23623
29020
18018
15534
8998
22359
30953
15087
7450
26775
12308
7157
4277
19192
19867
163
2339
21381
11949
31866
2736
30956
9365
15280
28809
18991
24728
20354
22471
15773
22300
5323
15273
27649
24080
26836
10017
3097
2695
8302
8083
16969
4518
30014
11481
6289
12481
23897
8842
12989
24769
273
3708
4827
22729
17166
28807
498
9241
3744
8076
28913
20274
24659
32694
26086
28730
15556
28160
18800
3747
2484
1272
10359
11784
32091
7874
15898
87
6142
14431
23017
821
23492
6704
30293
3230
14022
27061
4964
2764
21349
2203
10666
31579
17120
25846
18804
23978
13862
7883
14918
9348
14568
9937
11912
27392
8947
14968
24444
28837
13245
24875
9587
8402
3133
20178
24641
10589
31488
20380
17390
25723
20090
8443
23982
6624
8602
23536
25875
23335
22177
21640
11650
32627
13363
4775
19428
599
22702
18436
17565
18931
30652
26485
21954
6240
5668
16749
12678
11343
14310
18882
15606
21740
13446
27316
9959
32009
9640
2348
27436
29048
9181
7745
5644
26296
17853
2560
23539
469
5430
877
22887
26761
28451
18885
3902
7335
288
31494
28430
9913
22941
13233
3046
21480
15922
23503
17211
2845
15410
17714
29221
32102
10115
32509
2764
13723
31661
615
7708
19265
21296
7355
11713
15534
26907
15011
23119
13422
22746
30887
16832
15846
4176
7409
8740
11575
10278
24147
5268
15974
5730
7307
29800
12217
28475
28101
18090
23396
10283
9569
13770
5220
4423
14327
30098
19116
30924
8344
9053
14975
11514
11095
30340
11037
20517
18696
21786
161
13065
20552
8409
9514
10590
20414
20571
3385
3244
21920
10382
23386
24929
20600
10850
26375
21025
27944
2244
10953
30045
5675
15056
23968
4391
30751
32322
15269
20804
12160
24110
16878
9091
951
4594
25010
11854
21331
18536
28333
5503
5526
13152
19654
373
5427
26445
8432
7270
18518
25406
2382
31222
27109
21776
8346
7433
14341
28130
20679
4054
31713
23242
14565
16958
16039
13766
10822
8795
20434
758
223
9051
175
3592
23280
9871
14618
15347
29672
31423
18825
9448
9859
26049
7757
2693
23093
27721
14356
32333
24523
19459
3505
19541
336
23519
15136
32319
18733
18093
8644
2668
17557
21481
24052
878
17696
13016
13750
23484
26038
31700
25802
4522
22191
23523
27115
22424
13624
7823
14673
3177
29177
2546
30842
6199
2805
16657
10026
324
7345
8299
22961
19764
3736
18641
26732
634
24222
19575
14478
24081
20516
12876
544
4460
539
17287
14151
7343
12397
22402
28870
6431
9368
4556
963
2007
6556
18042
9422
30910
5912
30909
15391
7605
1968
10170
20255
7701
3761
23957
9003
15960
24824
13519
32148
12310
9488
18387
9450
7732
7834
16075
1914
18776
10482
28600
11029
18591
17679
17602
18963
17043
16043
23756
16792
12887
11428
6732
13590
3365
20643
5210
2835
23547
6651
7687
10029
7568
20436
22511
1371
1165
9864
18
6773
26106
17485
29663
7671
27638
30997
6290
8450
24748
11698
7616
5795
9602
20030
20016
12632
10899
13242
25325
14800
31328
20725
3225
17139
11714
9903
9988
24354
23588
17151
19198
15040
23534
20466
12905
16369
26436
30069
8850
10145
30961
4725
20673
7113
30110
4420
29966
20205
30024
23359
32631
11498
16625
12206
9008
2286
22677
25067
11322
27848
5471
17095
21303
28002
15389
14633
893
10379
5106
19960
18281
20474
21834
12091
20213
26000
1299
28287
17549
3294
4139
32377
25631
5607
15124
13293
2162
9511
14831
19919
8888
7380
1192
18599
20582
11107
15214
314
835
9038
12134
27238
28607
21
25504
23118
13703
15491
6730
12983
30294
24114
16931
26802
20238
23121
22579
12156
26375
14245
4538
19106
2471
4558
25190
19304
32307
25036
13000
15724
4580
12225
23305
1671
2110
4600
13785
32244
26013
7463
24489
32436
18449
10737
30234
31024
17003
5039
27573
18465
28056
21616
17372
19629
9262
8766
19200
5586
7237
29092
7957
5896
21384
365
7235
12834
396
21421
479
6262
1120
14342
25497
18237
31589
19236
15095
9021
1119
3978
11522
30629
20173
913
22591
23608
31094
22701
16096
18093
28229
12275
8508
19286
12374
32728
23677
20737
20561
1852
8600
15388
31479
29095
6275
21788
22010
4306
17314
28191
7954
20329
14210
3023
16717
16655
31433
5514
21671
29603
8813
20673
15322
26049
32293
11166
21623
18060
26909
6890
27958
25259
4846
3885
30346
25234
21709
17687
8569
15875
26370
29982
24747
2260
2717
9833
32705
31986
31588
10477
17640
26022
15887
31446
20653
20503
7864
7464
12307
9489
29581
7078
21730
4100
30664
19443
26691
22352
21217
2039
11146
2495
8193
26500
23379
9555
2491
15673
18640
6979
19959
23207
7521
21824
15918
24499
31845
8188
4061
6459
30545
7917
4403
13053
2047
11599
5645
16564
1352
20584
12581
25219
17876
7951
3462
2199
25905
17007
31812
6665
24355
29705
2665
769
30011
7416
13106
28193
4779
31353
636
11553
8793
27562
15225
5302
2866
19602
22439
20409
18113
610
29187
28037
17920
7418
29306
12193
6254
12719
3488
23199
2401
21324
27812
3651
10142
19286
4484
26856
27431
30869
19325
31264
27988
30415
20422
18587
26405
29655
19069
28490
27095
21959
31714
5571
1461
5769
13763
18408
21297
30876
19767
28867
4659
30996
21647
31925
21425
8931
12682
26320
24960
10072
25544
13697
22634
24549
3969
10866
10368
7461
8311
10670
28593
26397
6441
7175
25244
4803
25162
20661
14243
20668
11889
8767
18497
6506
17938
25247
23709
6694
20397
21153
21855
1994
26693
10380
10178
31347
8212
27140
24554
13957
12157
7471
7545
1775
30786
5399
15965
3248
9975
23887
11243
10138
2231
2266
32306
23637
26901
26696
27017
23464
3157
27426
10859
3828
6621
12424
25477
19969
2790
2841
8716
8701
29047
31763
31828
14786
11156
27067
32415
29528
22195
5376
23091
7867
5999
4699
2735
24030
2432
18937
26014
17903
27627
17180
18509
9693
23926
16063
22490
5656
15711
25977
1934
13720
1101
3235
22892
14368
10631
22205
3338
10692
26724
13070
12448
2985
31235
139
18527
11788
5947
22522
4
27525
22229
16727
6828
10637
15353
22647
5354
16959
2279
9451
11543
15195
10728
10535
17897
28304
19587
27876
22343
1787
30451
1730
24924
30699
13273
26930
5611
20711
9775
30355
11234
4850
6525
8347
4401
27405
25167
5881
28380
30206
8934
18744
13135
29008
18478
16359
5875
32155
21232
4343
20222
22021
16713
29540
25231
8457
11355
13848
22010
15991
28226
7692
8288
14012
25673
28592
8068
12132
8542
10125
32217
2269
9412
9768
16096
2430
26888
21290
26032
14791
24374
31679
27094
21995
10828
28732
28256
30859
12015
9476
28469
25285
19293
23212
22696
1389
19363
4445
15692
12186
28176
19322
7689
1637
3049
25475
30831
10733
14942
31034
3915
11167
30653
14852
8568
14772
14566
2193
760
9210
27391
18367
19523
7640
15721
19644
5087
24972
18418
15467
26161
6328
24908
22538
28563
11805
14782
32017
3239
27814
3609
23645
13546
4008
1774
11405
29580
10344
6142
23469
25215
31966
29682
1042
23502
17336
26700
10372
21808
24994
13726
31651
6621
3013
14329
13955
22176
29581
29609
17050
11309
24496
23071
15068
15286
22124
23343
2084
25017
15632
5756
7382
4892
4285
16688
5058
4219
7278
5104
13900
25537
20534
21775
11722
23541
7625
21249
25646
31575
32318
25363
22501
2988
1299
14426
26367
19670
9330
9961
21903
29095
1714
10055
4949
24311
8481
11809
1178
24820
25601
11323
21084
19130
11216
19116
1451
13348
22477
14155
29267
18913
10679
5477
13499
25546
21208
26289
18189
21874
21058
133
29079
11519
2137
24905
6770
21561
9105
31277
14433
18401
19065
16663
27899
22852
9977
7903
2573
11792
14039
3519
1594
29285
1408
31749
9444
28975
13062
18187
21840
1716
27749
25193
3332
8553
14602
32617
8564
17674
16790
18620
25822
17385
29663
1643
2675
8839
10295
15888
5559
22881
11250
9029
22826
26892
21794
27741
18472
29828
933
24402
8206
21954
13154
11007
11422
24716
975
24719
11173
18321
22711
8502
5082
22453
30778
21535
17162
32170
18965
30885
22386
18880
7203
26821
14445
26110
4132
8147
4687
12913
5822
22893
18832
31684
7105
7342
10541
17
18351
1955
20555
13815
31356
28419
8989
2541
25490
9754
17161
1493
23320
775
20998
5845
24692
29479
1353
25954
25102
13265
19232
29597
12887
836
2078
30179
19979
24029
12152
6559
22451
7054
15023
11875
27757
395
17519
25912
13807
7238
19128
6706
24010
30110
23611
23623
17900
31571
13575
10080
10857
10686
3684
1201
4219
20159
9727
1350
9927
30966
16456
19167
31457
26422
10777
4862
10259
3126
32152
30782
25434
31370
11870
24038
2226
19666
8409
14782
3475
24114
20718
12322
31932
26370
19427
13908
24367
20934
381
12055
13949
23648
12389
13689
27715
22916
29136
2544
23285
9837
10335
21928
21466
10446
22084
14364
18008
26892
7847
21220
27762
7338
30280
18381
8335
13573
18277
23855
16509
17985
3294
15483
16821
23171
10391
32532
23265
1376
31006
32096
26267
19350
29326
5150
25464
13050
16051
21498
13637
3762
10350
20318
2960
23460
22107
31372
4459
16686
6322
20970
19052
2584
20075
15004
16632
10695
9638
20824
27073
8627
15177
7030
24718
23323
24043
20039
25147
18679
30705
8360
10240
26158
25846
23255
2038
25609
13937
6277
32470
7399
11153
28972
1796
7987
24684
31394
24781
25748
30809
23023
12269
2403
18330
22108
4693
6242
16447
8908
5163
16043
9798
20815
9489
31718
20231
9461
29354
8895
28624
13792
19546
15768
16332
7069
29774
11130
28969
4533
445
2386
17785
19070
14445
15194
16729
25655
31096
10965
17233
13396
12624
3071
508
23831
26369
16452
13673
24928
20662
10416
28608
10950
4479
31911
26921
13798
1105
30934
17129
22779
14415
31337
1486
22704
583
23166
24526
16178
18304
7642
25835
10632
26035
19675
22362
32551
23639
1966
15075
18369
6945
10946
14219
4959
6604
6013
3953
10415
7446
29997
11254
28063
19723
32321
1568
15914
133
11705
28225
9586
25076
24795
30419
11536
20827
16680
1703
13992
10139
2702
22079
5056
16116
479
23672
20434
25801
12162
28267
24735
6307
12905
5782
12487
15481
16194
26423
14487
6703
8178
19449
6434
25180
18239
7890
28051
2128
19660
1068
18113
8022
25931
21059
1284
7478
10990
1998
1096
9726
18974
5601
20063
17666
26224
274
18332
14114
19413
7643
2461
10827
16401
27711
24680
5697
2158
22192
7610
4763
30641
22577
13979
19983
6221
19896
24374
2799
18135
30422
6376
17652
20666
27033
26263
25659
27436
32178
6981
8589
5728
29395
30436
32739
16637
22107
1388
32553
16336
27701
29740
27715
28093
7933
20829
29262
2044
15205
27133
20776
6786
31448
14811
23858
4284
8541
8686
11348
16003
12989
22762
5186
30029
744
18965
24062
31136
9621
22103
21151
27853
297
11153
1360
32474
2266
9776
32411
31936
25108
28930
11496
3799
31003
22344
15936
15246
18675
32012
18263
607
23165
29109
23498
8962
16098
20696
31653
25825
2356
25937
31272
29389
2899
659
16843
7919
23054
2108
6527
8961
23691
17389
20279
12478
27369
9560
27559
26262
16419
30874
21323
31911
17208
6860
30892
15849
27529
23764
991
8616
17538
2177
4942
6456
21628
15320
31163
26084
27362
3752
7553
2855
6547
13925
23837
12575
23944
7218
7406
2878
15031
6464
25145
5955
20279
19799
8048
18536
8612
17330
5556
29405
11973
23056
28568
2934
31340
7688
31016
4001
10142
5277
6442
10650
23540
8210
28579
25826
29249
30720
15773
1773
16501
26533
31272
24602
29890
18047
14495
10473
19965
24345
17452
16233
13126
14374
5262
22767
28395
29644
26
31757
4234
14658
20224
22210
14966
23709
5072
17647
24156
14567
27965
6922
11559
28786
5408
2326
15904
1899
24768
10707
12634
3250
5712
4658
20813
17641
15289
29963
30657
3020
17050
12050
14830
24512
13709
20232
8161
19374
19117
28206
27425
8977
32597
27903
12435
17486
8490
26654
18843
21829
26715
31118
24708
11813
1831
6689
7202
26244
21152
14131
11957
14511
26799
20631
19473
12094
30553
13010
19196
20716
2368
8583
30168
16038
31597
1587
20098
30690
76
30491
18809
14642
21496
10882
17475
10521
1465
10782
15116
18205
31436
23245
401
20765
3682
11397
828
4837
29418
1673
20112
21504
14483
17379
28616
22477
7437
21518
24251
9174
2192
21491
1027
92
23584
13079
6494
26423
29967
14610
26964
21725
2499
32579
12827
12224
17338
12994
12215
14813
15050
12950
4453
16529
13742
24104
24122
32431
21438
10232
3336
25809
1022
16527
21377
15339
27994
28085
28831
22054
11312
25059
30275
16875
2319
10235
22044
13117
3263
30519
13770
5965
5505
863
20035
1608
20887
7488
23158
1908
17159
14169
22831
23419
12445
8919
9787
16647
10287
6340
11980
26510
30244
25467
17695
1136
13879
15455
22363
15935
24953
12748
3517
25181
32149
10574
5106
6349
20824
21009
4548
2627
17009
7065
5881
11389
16501
1203
32376
10454
24870
22188
3246
4377
4596
8384
19760
22163
708
2005
29602
14188
11761
15978
17367
5687
8592
14538
17721
28615
28153
29061
17772
25412
23939
21024
28206
127
22926
5132
29314
20611
8391
11733
5901
19565
12967
8348
6592
13949
5181
14791
15543
2412
21038
7415
30817
29184
25594
10810
6370
1759
21632
5251
19125
12961
21445
15447
23190
1064
5617
8904
11423
22836
9114
2215
11953
5938
32581
3574
18965
26197
17450
26012
6243
8936
8760
29020
24483
30947
23385
23048
6579
23996
9719
30706
2793
23679
6335
8100
11256
26657
933
9937
27416
10258
23080
13707
2145
29457
4823
14261
4472
27716
8212
700
16494
30344
26136
898
16869
29190
21047
2203
9845
30727
30565
31932
846
2313
21498
9584
1566
24849
9394
14861
53
26180
26872
26343
11495
26033
31844
4291
14129
4722
27010
27791
17056
31475
22997
16208
31599
26769
18203
23131
29167
23911
20947
10184
17708
9316
24829
23332
24782
10145
28449
6758
21053
242
10386
13092
30985
30908
16116
12295
5768
26374
5628
25213
193
10962
11639
13485
31880
11181
27790
22448
747
6533
12872
8702
30157
24251
20304
12838
2001
30841
19705
10691
23418
10566
9599
5291
7568
14807
20880
20585
7877
15400
20234
2030
12440
1228
1287
6019
18810
20098
10519
27906
13359
15368
2508
14406
20088
11316
25212
32736
6895
5184
7234
28171
10802
21606
8262
27107
8003
15020
7998
20689
21295
10242
29237
25674
23534
2954
30859
16313
31371
10295
5950
27321
13445
22681
15719
23432
7284
17655
4616
32184
3567
16287
12036
4392
24750
15226
3439
30003
22252
4323
1800
13351
19215
1209
4356
25337
24715
17843
5134
10551
15364
21492
1419
1341
1715
1760
9762
8364
16650
9517
2428
18712
10395
17213
19272
24833
13622
23467
5507
23813
29009
22052
23542
8531
12717
28792
28928
21347
28727
15856
22421
29669
20013
12515
30343
21751
385
25220
4356
16538
12674
3326
10337
25447
