23914
27879
3283
23635
20663
14546
9945
18218
20150
18315
5077
6922
20447
26100
2602
7575
2262
9588
1976
32512
11165
26709
15536
27013
18697
3435
6311
10806
26226
32503
11754
22269
7087
10442
24338
5598
19777
6574
2776
27006
22223
21505
10794
9954
14803
4515
5246
30842
9362
32531
24166
4702
25937
12756
1636
31703
7622
24086
25600
4641
19149
3986
3353
10351
29788
27062
9593
26928
6585
13058
19628
23697
11754
12210
7697
14403
14446
3997
30513
23678
28202
29533
30800
8774
22182
19632
29506
24301
20857
7710
15488
16601
4098
24028
4731
27015
22361
32753
3888
26832
7813
27543
22525
32107
23792
24548
32691
16052
7448
2985
20204
5035
10118
23707
26271
6976
23044
18864
28913
27086
32523
7372
21582
16357
14715
32669
7353
7756
22670
20419
3936
23366
10255
32309
7284
7445
4295
32224
9015
23997
7481
1425
15447
23562
13967
10516
32378
7636
11731
3486
28954
26498
25954
15720
8595
19661
11934
24221
3706
16071
12260
20854
23857
15131
26302
31139
3512
150
6745
14062
8390
27878
21049
20763
25625
26530
9515
23314
22794
32395
29819
20800
26980
5906
26472
30522
24182
22810
15061
14499
20071
14078
14657
4433
29642
14038
28409
16555
9074
24822
28300
19541
21640
30648
14720
5648
28378
23676
8515
2267
21366
17900
13412
8542
21368
11141
3075
21897
2336
2643
3463
8057
18216
26363
29839
12187
4692
12543
14634
2579
22858
27454
9802
4959
24228
15802
13430
20535
2372
21662
31936
23736
3815
12416
22519
24258
11517
19427
32285
30623
25529
14848
14875
30949
26468
8902
1460
24733
15350
16415
8632
24740
12007
16501
32378
30034
9027
12917
2179
20314
25597
24082
11656
5361
28805
11981
11674
15923
30620
4916
3229
4290
29800
30121
14331
32432
8643
12901
13466
27807
14297
11965
26891
8998
10226
30115
22532
28535
19084
32111
24336
14143
13229
31456
19845
974
8567
25949
26550
18552
14589
4225
10859
26683
1365
32471
25230
16034
27887
20962
27943
12264
4388
31585
13195
1121
19474
5072
14287
4886
16552
31282
17795
32687
12541
8462
6813
3991
3814
11448
7348
23130
31431
18129
28271
22866
9385
19217
31036
6786
17293
12612
16197
6850
5888
22675
2464
2845
9968
6149
18117
1399
13758
14406
11590
29810
6292
15014
30394
12947
27129
4452
18170
9377
19107
11565
5009
21326
9356
992
8045
18458
9288
29844
24283
12659
23701
11484
22450
4641
18484
29514
20941
32737
7671
31537
27583
13648
11036
9647
26563
31499
10201
21483
17650
11285
14904
11932
30905
22905
6949
1739
23689
20784
4549
13273
9168
3140
14602
4803
28201
18486
17285
2725
18895
20382
12667
14973
14936
13841
11578
13362
6048
2887
429
26837
22787
18813
24367
10790
8399
793
25245
25946
7160
5005
4783
31515
2574
22397
18312
22737
365
12324
12427
14112
17332
22004
27761
8625
13944
15996
26520
11318
21561
6543
29854
30888
10644
10659
21295
29395
12987
31607
6427
25877
11555
16633
12716
19043
12668
21350
26422
396
10726
8371
10991
17858
30818
2092
3841
4182
24966
27227
9950
18371
3958
28715
16852
24558
16655
19789
13281
20396
31077
475
8392
32645
17264
24379
32100
5560
24066
21575
15165
17278
25596
17578
21081
30611
17602
28557
7509
6643
8428
10612
15284
13537
24383
28002
28278
12078
3547
2372
8940
31672
25525
27020
8140
25137
30280
18461
2177
17698
30600
16999
10948
2351
4120
6867
19056
412
10684
10593
24466
1552
15889
16271
31424
5529
32124
894
17325
10993
25184
1616
17914
9728
1172
6612
78
28321
16660
10597
27048
13481
2550
6671
24820
28966
29344
30196
15069
3300
19513
26350
25059
20534
26205
17526
15533
32754
18453
14533
20128
19390
29958
16696
18096
29066
4840
3577
28790
14942
826
1244
15235
13398
17716
27527
19701
19947
13310
31958
20296
13939
29983
28030
29806
10219
11064
9200
24097
32245
16626
10112
24696
15901
24629
2758
21176
30048
27035
21828
25197
3823
36
12362
7354
2096
32043
23319
8686
9734
24728
10817
14167
3922
4440
5719
11099
28858
522
7620
16324
3497
3579
32246
3676
25238
8789
1984
7098
15498
1939
4861
3163
27100
24376
21879
12277
26687
10689
8455
22279
13312
26840
19709
9909
7304
12746
20161
24275
16936
17467
17851
17984
8470
31001
32369
12661
19890
7630
12527
22365
17934
4026
32364
26728
31918
11232
29226
7131
140
26335
2462
10090
26207
8485
2001
21768
22301
2911
6150
11006
26559
12083
925
23098
7748
28722
32567
26346
18424
6408
21275
16202
1270
18678
25305
13498
11500
21891
22573
2836
28958
29806
29989
4668
24494
16870
20870
32249
11290
30461
1901
28675
24838
25691
4914
26717
24380
1327
27281
4068
19953
15980
3852
4393
24650
7729
8075
29564
5150
12168
11590
11337
19966
13908
22500
23208
30322
26501
29924
24879
31878
29070
17981
21002
24965
26905
1089
24910
12805
28153
16071
20875
4131
7264
22921
3745
13072
7762
10187
27348
32717
29017
27454
12834
7986
13435
14883
2003
13621
4713
4275
16979
7529
7161
4543
14653
20677
9942
14996
14776
22695
1142
3617
5382
29464
9549
31580
32090
19538
31809
737
9450
29056
13917
24540
21318
24772
6857
14378
25832
23166
9978
6075
26892
22476
15142
15163
20930
19021
27387
28145
27201
2347
18064
32487
1918
3928
12188
4427
9981
28439
3814
19477
28647
7871
32252
11498
19038
699
14632
576
269
22742
28064
20676
8451
26806
14333
10232
3009
7589
26350
10785
28561
28056
22062
19296
6682
12649
30131
3103
22834
21096
20777
12974
24051
28946
11166
18478
22033
26912
895
23727
12138
22212
4803
22165
14815
303
8038
20800
7011
20054
12313
20204
19025
9206
31032
16853
515
22997
5628
12447
26016
8524
25074
31222
17717
1538
1707
31602
14600
27642
4533
8125
1833
11984
9931
6135
1865
17983
8777
17497
30927
5095
16355
4121
32553
15949
6549
17550
14432
15652
4829
6037
8688
31435
1065
31027
16342
12054
14987
25724
14826
22353
8116
14259
25455
28546
7712
22450
24809
20719
5518
8844
24622
23008
29619
30066
5824
17062
17711
18899
31322
17372
21184
11719
26569
29165
7862
7086
11261
29143
22183
29972
9056
27438
3427
9433
25447
23395
20778
11406
8806
11846
29213
8481
20904
16330
3315
23229
7615
11016
11757
23532
18713
2695
8204
13311
5332
3515
15489
24751
11219
1995
20069
29444
17426
23448
24234
31606
27190
26874
31826
339
11113
24396
21726
2400
4452
6444
12554
28611
9421
25980
10679
6432
27076
25004
10537
16131
2745
18748
3186
23422
9600
24188
31022
30739
28327
20631
15217
25555
7943
17103
16382
5320
24473
22794
32442
14481
10123
28046
26976
14412
16531
21513
12917
13241
25988
19924
127
14235
12063
4984
24946
13154
17195
6002
4715
29192
31176
26163
28576
6713
27904
18283
8343
31158
9887
1159
21655
8187
24644
30840
9053
3104
2489
19639
26127
29181
2432
1926
7286
23185
27566
20344
12903
9125
29437
2099
14722
8876
16412
11381
27424
28398
841
2389
1670
5861
27682
16076
24415
17639
19384
10611
12393
5894
7398
6542
1646
11829
26337
31562
22390
14508
11791
21571
6715
31629
26397
14921
29149
8135
8268
10084
16855
17978
21771
20245
15922
10013
8139
22751
19448
16541
15887
9222
17900
22727
6850
30871
31096
22184
21198
18856
28647
14003
26602
27873
22484
7779
5555
27452
8930
21281
31999
20232
11182
6247
6510
4916
30722
14630
13634
6090
27468
16485
20336
16314
32078
9515
10230
7129
18710
28064
26224
18217
2097
3439
3814
22619
19996
878
14569
3218
6139
31361
15582
3946
1165
29116
19353
1081
18528
12231
9262
13461
12865
1415
23555
2070
21495
9210
27946
10588
9009
2403
32494
31828
9916
18856
7340
18872
1017
13816
20197
17365
143
10160
19088
18577
19549
29312
10933
1196
10163
16842
26679
23622
14785
25930
1010
15522
11087
20732
5893
15145
22959
21562
15729
9650
13808
19493
3812
26624
9301
21831
6607
27276
28677
16503
5310
20101
9988
20220
14825
11030
29282
31221
262
12263
16051
18680
11106
20710
18623
31737
22064
24391
25210
3181
1825
13257
1078
18864
26421
20028
32279
5284
8144
3648
24007
32412
3600
26959
23660
20344
16478
16894
26839
14097
29251
17535
8702
11735
31357
27755
21933
18616
24403
6078
22392
1092
1317
19236
17396
19215
11079
2931
1063
15191
11024
28792
9532
28647
11565
21750
22651
20539
18747
18412
12153
11237
17302
8983
26764
9520
23915
27320
24450
12034
27413
23191
30355
8711
9382
17480
2963
11531
25795
8877
19821
9384
18870
1724
1484
30242
27838
16770
11035
16783
9129
28520
20144
24379
165
18614
15172
21578
1108
23381
22439
31391
13854
4569
8625
24573
5835
11199
21884
8300
8529
2802
5328
16351
19946
31380
8927
18195
19306
21244
2099
10170
25296
7931
13028
11225
14619
9828
26382
29807
25439
459
4994
19287
279
7052
24252
19567
20669
16912
22
10746
29336
12107
14651
4163
19926
10633
989
27780
19418
8555
18347
6917
24023
28972
11389
16520
158
8489
23762
21221
12980
21921
19581
5362
4264
18873
22427
2469
2979
31683
19912
8829
28225
28351
15763
11549
9119
9506
5167
17467
29878
14551
25963
18360
12263
13444
28643
8208
28374
4622
12664
20725
28284
607
8191
7991
11640
25191
23094
19943
17574
352
25852
14012
11763
7255
18625
16821
28016
13032
9019
0
20645
6473
346
28187
14375
27530
5503
8505
8045
17946
7657
25575
22239
26510
3951
1519
9264
8094
22645
25469
15598
12144
20505
26496
20311
32538
9645
3411
3439
19554
25706
9629
28239
14023
24418
25206
6592
19654
6583
28363
12808
32342
32523
5379
28676
6325
55
14562
17783
12134
26688
10414
31138
5755
32135
2449
29717
21008
17215
25407
10692
7960
28452
3800
24669
31068
26474
3344
15321
17088
23796
1933
19026
28616
21959
401
532
23900
15294
31704
26102
13256
17279
4036
17387
31495
16301
17847
16852
17473
13408
10944
11416
3218
16082
27003
15735
15629
9563
27186
18843
27649
9119
15944
4080
17274
18182
23256
6454
12555
28524
26265
24149
17099
18458
7941
10480
21918
19701
6330
25148
30902
12278
24352
17427
10841
13018
14156
8260
20964
18715
2596
12846
6928
5662
14788
11917
5748
7086
26145
1427
17227
11433
25836
2875
26232
30713
28858
31194
21191
16326
21345
758
1654
4330
4005
25180
16884
3750
19988
10093
31720
9875
4398
10425
22133
16603
29897
21967
31164
16552
31924
23378
30627
26845
13979
19792
7381
30981
13098
19408
21259
5768
6773
21930
30857
22053
24472
15772
20715
31132
22426
30105
29473
13739
14232
9316
22713
5180
15903
14686
29276
18141
3033
29341
26012
32112
28524
2365
22509
5412
10399
30715
27376
13220
26303
4095
19960
8846
1601
20474
2247
32550
20904
12657
25496
4684
18857
24665
4195
25771
14477
4323
31068
25396
5336
26521
22716
10187
30504
10154
32197
14911
10079
7042
25344
23936
1284
27550
31178
15628
20199
22431
20238
3755
3588
1437
27988
31836
10154
23485
8187
27279
23261
6150
31682
28308
11512
6768
20622
2388
2455
5438
26727
31295
6579
6030
14275
16005
5647
9775
25351
4233
6355
22194
15691
31635
12919
8388
9309
22468
17891
22971
24073
16976
28629
3694
23192
26087
32130
12106
151
10100
13952
17058
26074
2826
32227
4423
6592
25883
3751
345
25783
11244
22350
4956
8451
32069
14537
13710
4284
11373
11420
24952
21782
27734
5694
14276
27366
27156
17342
3662
20577
27539
25004
9342
14374
18058
26167
29140
28031
17323
14227
17092
19939
16925
4510
6085
31680
12075
28354
31397
11896
9790
30749
15903
17321
19720
16607
23471
30130
16387
20724
25509
23411
8986
17124
13177
5460
10917
30967
26206
19336
12443
11676
13337
24979
10755
25355
12820
777
4268
30250
10926
28057
5406
22701
32470
7243
11472
13954
17880
14342
20636
2668
8054
29013
32623
26094
27707
10090
22853
28778
24588
100
26197
24970
8960
22221
24200
31455
29810
8295
1328
17608
1108
12840
27895
4758
30405
1411
14357
4589
17894
25321
10439
26989
30186
5520
5628
10898
20333
3187
6225
6873
5127
3226
831
6181
24864
22683
32403
7264
13574
29025
21535
9317
19004
21548
17840
32286
15638
23001
32576
16873
12162
7012
31084
31553
24361
32683
24616
17562
25015
22132
20913
23180
31606
9394
2499
27188
17442
1540
19725
7896
3577
18303
10466
13001
17169
8109
23345
1934
11502
10197
30391
2366
23124
31357
6003
24878
5978
6958
15194
15308
11200
2935
4941
9675
21378
12596
24648
17537
9645
29201
12508
28045
23922
10313
4831
25020
14713
21684
3426
12078
25976
12800
30435
32436
8707
3390
31684
20605
7846
1953
26876
27634
14897
9603
3853
1758
7507
20137
20790
26578
25450
9160
13545
1992
17818
19784
1407
30470
31772
10055
24619
2373
18905
28385
15404
3347
26168
21679
17223
4726
14644
6285
3701
1234
7601
4769
6873
7180
7696
19865
2804
26864
24321
5683
2076
208
11416
9219
22570
3182
23972
16241
31604
15901
316
2305
26363
29474
2714
17879
12005
1120
28461
21882
13613
2613
27369
13528
12441
6047
24290
12938
8172
12451
32281
14426
32093
32751
15509
19970
17993
4030
13494
14647
11045
2556
30407
24294
31670
17322
30418
18878
9092
6021
3256
31214
19084
21474
14976
25136
28213
16349
11504
13830
1669
31666
10842
27971
2965
16491
25529
8398
28482
17084
23549
9379
24358
15659
22946
794
25287
25971
5767
15724
10765
20779
8702
30067
8186
3491
10527
25777
5525
28431
6499
17556
6439
23271
20846
3064
19882
4493
21547
9710
22143
15153
12830
1468
11103
15346
7414
15397
26772
4933
22882
29162
28521
19099
806
27536
27359
14142
22382
31332
3233
4988
31074
32445
5690
13064
25850
24449
646
22173
1044
6890
25446
25316
6596
21642
18360
32408
30699
1165
15751
23528
13067
11327
17534
12573
18521
13262
17571
9340
27156
21840
23874
12142
26134
14599
8230
15582
23209
9956
3343
1763
11675
29003
24929
30623
31125
32022
4122
4455
26024
2780
30214
8739
6953
9587
7734
17912
19903
22963
10926
32037
2490
7037
13662
22827
15526
31740
15700
1329
11296
5419
29743
11686
20201
20120
32727
2856
15417
24423
1131
5285
9558
12697
2683
7360
3428
2703
5496
24182
13183
7369
32360
15617
25351
26356
26334
15100
7739
1060
22570
27849
22282
20830
25293
27184
10789
3161
21040
840
20569
20357
18581
15515
14876
3917
22349
22149
2406
31897
26411
25565
24002
28824
1338
13271
9892
17852
26539
4905
28669
16902
16145
10349
23821
30339
10193
28615
17784
14359
20435
6599
10397
5497
9342
20881
27427
28287
7396
11835
4820
4252
29753
21366
29871
31911
26762
1393
2360
14813
20907
13306
23315
23082
9330
16615
17361
5028
13858
1460
27402
4952
21546
23661
15276
27978
1040
12238
17298
19895
32680
22186
12633
20381
16777
16009
25711
7294
13761
10645
17260
14688
25288
951
19622
9496
7859
4861
5375
11208
9386
1855
10498
5031
7836
11522
1071
1792
30513
18332
4754
24446
2049
22169
28827
13990
30723
19038
23849
24485
24136
27660
4584
11852
31977
31911
30173
12121
10302
20344
24127
13816
11856
25519
20873
25225
21137
16717
205
1700
12747
7489
27467
2650
8791
2257
24642
14014
25743
12348
21254
2469
14213
27806
13651
30377
9718
11539
19425
14708
8057
31519
12600
7483
12796
7758
31430
23944
30577
8983
13359
1085
3013
18694
9444
26838
7954
7195
5111
13550
30741
15725
32302
4612
31458
7954
29270
25728
2006
14147
2009
14321
18126
28348
9107
16537
12950
20066
32482
5675
30885
12328
9468
3027
263
30515
23174
18807
12954
4925
9058
2621
18301
21303
23240
9293
17862
19250
4504
15832
28787
20863
9966
21337
17572
22293
20215
29466
22279
7988
31748
20986
9619
6728
24029
7535
12665
26640
27480
11975
30039
17663
10794
947
2991
26339
10492
8197
6553
3268
24514
15545
20916
17935
27208
26674
9058
13556
20749
31687
27189
20492
21589
2686
12708
26431
28026
11543
24835
28645
31363
20301
25522
23595
18423
25176
8596
440
27892
6326
23490
21393
11643
3883
16769
29498
22286
1799
20850
23839
19325
5543
23305
13362
11773
27966
13376
28884
26234
8918
30605
30457
28462
5521
24081
22407
8307
23349
2578
16640
28373
21991
21931
25441
20332
22327
31170
19274
13929
29789
8507
30814
25582
28610
15467
13037
29475
23491
10448
25809
24454
23217
255
31125
29826
8220
10461
2525
23364
5969
27154
22017
15050
21281
13499
21500
7740
10980
22623
21637
5504
10430
18725
891
17417
11553
17732
18310
20975
27539
28346
17660
29509
9394
11585
2049
31143
16757
27775
6643
9234
13236
2685
1541
8440
16363
2650
4393
30356
5179
24385
10548
17788
20657
25496
20284
6517
25803
20602
325
15498
26168
18792
26397
16480
17632
20539
18053
12740
36
13661
657
10886
16743
22585
10834
13706
32717
19440
23218
14620
4418
13390
30622
23428
19647
28412
107
5594
8648
23799
882
26908
18746
24640
29950
27006
29507
25046
28009
5121
5810
29665
4737
8775
17777
25648
12336
20646
10831
21221
17501
19067
5123
8559
525
12481
12654
19897
4046
28386
25377
3489
1365
20940
17951
16044
27750
5448
23524
32248
18676
23431
29606
31858
27786
17150
14554
25416
6377
3701
2810
23714
13811
4954
646
5261
7879
25178
18249
17975
18990
24115
7133
10594
21046
13507
17009
21523
7964
28261
7882
25738
14703
1918
14728
1911
1907
18515
2219
11883
31172
20254
8533
2701
27451
96
14033
8078
14357
20856
2773
735
20562
8565
13060
6945
18780
5161
22455
29661
13033
9086
20477
31093
13090
23310
16097
12634
11781
29165
5611
17024
31752
14025
8425
25103
29695
566
32494
30812
19519
9027
11420
4631
5892
31313
927
29126
24080
13861
21370
21873
8597
26427
30598
17567
15957
23901
3639
31362
32520
885
13730
16495
23806
11680
28988
19601
13317
3459
7397
30941
28045
16610
4389
26184
26378
11886
23733
24632
6042
9439
14145
5177
14568
28739
4460
29170
30544
22934
26133
18263
27972
17554
12504
27936
28142
24520
11736
6009
25366
6896
18108
7931
16967
22398
20728
21979
23853
1910
334
15713
4418
11904
14484
12188
6826
31039
3511
20821
3674
24287
14592
24641
16256
237
17558
12666
5151
15724
9797
29744
3322
10021
9853
3228
1204
22590
14494
6966
27189
21262
10354
1064
31312
25904
16635
2818
15522
16598
20592
22191
18365
16480
11650
29096
4230
2094
8675
6759
18651
31410
24073
30751
4473
13001
23088
1962
797
30795
18590
21699
21226
25312
32042
21365
5643
7958
28159
28115
26777
2481
12702
6634
31679
5443
7714
3060
20252
11772
28104
22735
6504
4034
3246
7341
9307
17028
29659
31244
8138
12492
13696
1257
12308
3220
7805
28208
15292
30299
4391
888
15447
6776
32073
22253
5801
14509
6505
9101
15883
18943
16716
16792
9999
14533
7612
16193
19815
24320
31112
29098
20739
16106
26573
4623
28282
10706
8052
15170
22187
18726
12284
23383
10660
15826
29561
28064
6339
18888
25053
4316
29722
14304
10615
19883
10008
30179
12473
8517
26726
5346
25918
8300
8464
9165
31756
18079
20197
6209
1814
17809
26144
14752
1029
26841
30280
16999
18487
25067
5716
11196
28168
4167
23571
22343
10065
6640
25291
2883
6447
26656
9505
29909
9478
23610
11832
9372
17093
20736
26141
14729
20587
15366
32099
11761
31434
870
15370
31456
9098
23478
14246
1457
26738
16951
13500
3035
12259
26447
14192
270
24229
7482
1885
4991
6887
7932
10949
19072
16512
17306
7402
29523
27259
29065
17339
20544
13779
26215
26803
15845
8571
9961
14591
17102
12193
11029
4319
15685
11316
6833
5710
9067
15524
11771
26341
2440
7401
1690
23805
25248
11718
5333
12308
12103
14415
23811
29810
3765
2729
12610
15883
26141
21009
13164
27304
4667
22047
13127
22338
22317
31052
15612
1198
643
8883
27595
28544
29593
29972
21756
7977
32293
30494
7961
12386
23308
4334
6490
24270
7034
723
26465
20954
21041
14676
5415
12521
26401
8820
10039
17070
18745
26676
31514
7128
29310
13402
3090
8437
29274
24945
28683
24464
29238
15633
8398
669
26699
16224
25976
26136
27828
23513
28714
3560
25800
20300
1027
1033
30888
3878
14155
25066
1812
15859
9713
2324
2947
18721
10296
20237
10866
5127
25005
8316
22524
21542
15452
24461
19627
686
9283
407
15502
1860
5895
12285
1163
2
23526
28754
16887
19135
30701
6080
2148
13201
12907
3498
10682
27793
15781
8592
17546
13022
22475
30771
3230
17637
30763
21498
469
3551
23717
15509
2350
10906
2911
18912
7202
11133
7354
5642
567
14279
24964
6902
18642
30231
14703
32481
27980
24113
11713
5190
27977
22527
9294
4350
12613
19414
16035
16556
1392
2043
14725
13912
5308
8038
24730
16730
6708
9669
27237
10618
15503
27844
20600
30293
18437
9868
30692
17923
14945
4489
15861
30454
21848
4465
15644
10533
11033
22914
24109
23146
22821
3083
2506
8745
25953
29485
3615
20531
29033
14051
3281
29418
14376
13376
1328
2213
2470
23032
20148
24662
14624
11810
6055
28010
12638
24892
15391
4848
9025
4720
2351
10750
668
10517
16478
18256
17732
26489
28504
1075
6251
6878
28644
20129
41
3266
9238
1198
5468
6500
17094
24355
21938
3971
18497
28520
14852
15721
24381
13479
1766
20264
22035
3118
2940
25124
29736
277
17039
29137
17324
16161
2527
446
9096
11497
25531
10451
13713
28983
30416
25047
32002
26545
16447
17716
16681
18617
11250
4095
2144
2193
1839
7219
16191
12739
365
11837
24592
16064
12135
15294
11907
14023
17520
3980
23460
4616
30214
28410
9737
10506
15785
9305
19024
13130
27886
4798
22473
6437
18383
14086
15727
7415
6469
14872
8989
8069
30233
30826
25342
920
8694
8903
14150
29931
19140
23631
28703
5703
3633
31167
17894
23277
32144
17906
7064
3892
5095
28584
17799
21619
21059
1159
10322
5153
30287
7519
17427
11835
32549
8114
32730
26342
29796
14452
18779
22358
9091
29711
23779
26094
18277
6058
18833
2473
20013
8107
1474
23736
12627
1914
10189
17005
5112
16008
5873
9303
7030
28305
18571
2735
13884
30494
23948
5106
17625
16973
13355
4048
22870
22228
16855
16709
201
19268
18800
3078
19239
32395
16822
4382
1370
14781
2
32473
22931
7956
31540
6113
18914
2613
15084
13735
14596
17844
18173
18948
30076
14811
11038
9249
31461
30887
25315
31892
23942
19220
16876
3275
5159
9114
11357
13742
5155
6648
13197
31104
29631
21552
27395
19718
1722
211
2462
1004
10533
18046
11027
23652
11381
19621
17821
28176
6871
16783
10223
34
17603
418
4974
2754
19668
17377
18077
26544
9687
28595
3032
30250
14114
32742
8262
13840
6951
5875
1801
7750
11336
10372
7351
12890
21485
23603
32526
7014
20436
3477
7395
18488
25001
3447
604
22705
7383
2151
13663
22635
18077
13943
13898
3230
31844
14397
30949
22853
5200
17694
27029
380
27669
3789
21202
18221
6668
32270
14042
11755
13446
11456
29095
25886
9056
16666
14111
7521
12247
3637
16780
19752
18078
7626
17483
10406
8238
1854
30408
20718
17246
14299
19370
32344
5683
4193
10314
10790
28921
31677
12394
31591
26514
25368
31268
31516
15631
8979
15904
21402
13693
26193
22538
7983
14849
2359
11075
2568
808
27375
16343
19282
15736
20403
11184
14752
23627
14408
7177
32397
3805
21192
4901
11682
2979
26789
11840
17018
9694
28139
1990
18979
24945
5573
2499
15304
30959
4163
17562
17549
2553
21850
7675
2747
23495
8493
27663
11293
29700
1418
20725
31658
28127
13496
27250
16995
18271
26992
10724
1919
6390
4137
26744
9158
27482
5529
2973
9275
8080
32376
19897
16381
7497
11399
32538
25967
15218
29905
21295
8855
5895
27440
3576
27844
19496
1812
9659
2932
17774
1408
11513
10868
5503
11349
6304
22345
3808
21203
13954
28111
3595
21341
26630
14368
10690
19068
29981
17847
15778
18215
2936
15830
763
20546
15865
12580
11231
25444
6247
11931
13433
20701
7013
8097
24224
6392
13477
12149
2988
11901
1881
16845
26761
17018
6378
15550
8202
32067
13805
10715
1919
18616
9043
29345
31113
4038
28639
15379
21293
5937
31198
9633
18216
21392
32018
28494
31618
24729
15599
19218
9574
32158
7946
23933
5937
13144
18894
12702
29897
1764
7024
9251
560
24075
3366
2497
16473
30918
22164
5335
19514
9217
25991
15950
13346
2464
32230
13763
14157
16832
5606
7400
9142
2367
17020
4647
17964
16766
18456
20105
8360
7525
9104
23255
23262
8104
8026
8191
8466
20041
18687
22200
25901
16223
23244
6761
13840
25365
28107
9031
8488
12021
2034
27582
21058
3687
23193
17683
26017
15476
17714
8007
8270
27344
28724
2110
688
23064
5208
9761
26972
18264
16904
12544
12334
21200
15636
12220
2969
17400
16552
31780
3131
20161
16251
21086
181
15902
29768
28553
10681
10179
22146
928
29797
3372
18244
31393
11983
3554
2695
24815
27361
3834
24727
26357
871
31710
21448
18445
30566
1104
3684
6304
4015
31659
19689
16270
693
15724
16497
7888
2716
15090
30066
12124
8594
5762
4775
5192
22626
28558
1102
26931
31558
17463
26516
20449
30973
3088
19022
293
16414
28709
4841
25860
1708
17468
9380
30231
12266
9562
5116
29745
17521
24969
32616
10818
12415
3289
24647
19323
15506
26533
26647
11187
29750
31255
15847
22282
28443
2286
12303
19660
12394
18303
11806
24984
4185
27386
7956
3265
25598
751
26578
9460
22368
15121
13774
20507
11732
27193
25099
10882
23687
4782
73
26936
13143
14243
28281
31673
2023
11265
30835
28873
5874
15975
25579
8867
4063
26223
30881
28243
32406
22324
22745
31329
1939
6929
15883
20655
10808
7339
28123
20388
32104
16689
31563
13962
6737
30690
10288
20789
10633
25296
31459
1766
18013
31972
23608
20591
11366
24867
20916
22935
25437
5935
10234
20927
23855
2321
8583
12230
14932
1589
32159
27947
10333
30646
27527
31857
3789
10717
15861
32456
32298
20196
29381
31977
5460
7935
25325
10050
20757
14749
11955
24915
31224
11242
14878
7256
9311
16537
19882
17704
30416
31970
12095
18781
10896
28358
18276
30645
31347
12442
9905
16312
29682
17859
32642
5275
24190
13503
26611
30565
11540
613
30728
27728
11794
29293
6187
24434
27977
12594
5084
15516
31827
19127
17572
16003
5414
4840
26954
14621
19178
25379
32074
25422
15624
20727
9347
25540
132
16940
32560
9504
13196
515
31257
13654
28497
15294
28427
13398
3093
32355
10629
5612
27525
11710
9140
15076
15690
1189
4001
9587
29147
3200
170
19666
20373
11784
18735
21548
24077
16206
24717
10426
7077
13055
25936
19245
12637
19687
4004
18508
6380
32693
10253
9438
26896
22526
22104
16586
15394
6276
23762
30077
25837
27575
5047
29580
26048
20092
14573
9114
24002
6190
26610
3709
24710
17378
19988
4252
27615
24304
28384
23707
28662
16559
3292
4411
7577
28543
2681
26235
28374
22285
22339
13828
7625
13266
15707
25283
32178
22493
8999
25560
27210
11475
5448
30383
16728
5940
11468
15468
6783
7903
9637
18061
12634
217
14682
22218
13771
3658
4605
22080
30351
31944
26973
18383
6678
3032
10364
14785
22930
9138
6980
31404
29263
20805
3189
5529
16706
17275
24034
22885
15588
11710
28893
28520
16705
13243
29424
17749
25163
16998
25294
20065
14453
31294
24968
24488
23421
3794
9220
11212
32649
16260
6316
8671
26742
19853
5475
13187
10093
4929
8637
17999
22199
8340
12655
21621
18386
222
25348
162
22468
3547
5842
8486
23983
29686
29229
1621
26534
19399
8922
45
14783
27866
30406
26425
17257
23986
7160
11444
32512
1293
7365
13810
28575
106
27715
1788
12598
17353
5888
123
20188
26290
27635
13527
21350
17016
12722
6303
18488
17855
15334
4652
5723
8508
29948
11393
32208
12732
12318
29046
5924
19304
22370
12054
4933
19015
19009
11333
11668
3076
74
4262
1083
14066
17431
955
19137
29261
6785
18254
2780
29635
10768
20752
26502
1586
14005
10113
5714
28084
1468
1551
769
19673
15868
3202
20816
28467
6225
32151
12565
7448
29772
20715
14474
23715
9512
7195
14569
17404
2816
5930
16697
16601
19520
16419
17255
31045
17242
25087
3992
10657
29882
712
6590
9192
8443
31999
15721
21559
18267
18492
29665
28300
11372
13588
12401
10701
14605
8255
22277
11277
17817
24826
248
3084
9566
30379
1063
3068
1617
14788
28746
29067
30975
5097
30340
7965
13511
853
28472
21081
27719
28026
29215
11240
17940
1255
13463
25721
19886
18031
8766
21257
28851
20872
25536
10337
23634
8177
18413
992
20227
24728
17167
17786
12917
31162
30842
16641
4552
30284
612
13987
16381
25242
27639
13493
17067
23598
4517
18095
21747
22771
23484
5495
5813
27034
1850
23778
15364
31549
28898
23160
20696
23618
5775
6519
25859
2179
17097
16411
13415
171
5782
16925
8037
12515
26002
7289
1945
10927
6210
32373
25796
13842
2214
991
9737
32249
3341
25750
13149
23511
9517
15692
9017
1676
32115
21897
30865
10379
15512
1779
32010
8508
20341
10702
2920
30111
10008
10943
24133
13363
7447
11733
14089
20502
29220
25289
28950
14189
6882
28293
21827
10502
20216
3556
16780
3388
3683
21945
30984
22043
4368
13330
12315
10949
21674
5822
10476
25108
15537
23308
29721
4225
30924
27350
10666
11589
9568
10942
11844
4798
23137
7608
22687
24083
7272
25033
2874
29211
25606
27150
5710
8571
12121
6655
30208
17423
20956
9717
16602
15244
30339
23786
23164
11107
2056
16256
16015
26600
29567
2117
30715
24755
31025
2358
6234
2630
32679
642
17324
2801
7429
22160
9292
12019
19098
16194
23331
26594
30388
26748
16411
23373
26809
5088
1750
17567
11123
10716
7073
11846
29100
23527
19619
17941
10491
15367
4954
20711
11997
28055
4681
390
23559
21319
6890
14027
23035
24164
20458
25862
30426
25434
14229
11935
27513
6007
21136
28670
18358
7153
2758
17065
30989
14891
3748
15276
8038
13620
27785
26942
9265
21648
632
21409
18357
3132
5649
1354
6309
26092
10431
24130
2549
3991
23602
14028
6891
13109
31504
5448
17785
31688
31207
31575
9930
27545
1127
3648
5659
26564
27342
7827
7628
7414
931
21260
2743
8566
21927
31417
1472
30818
7689
19039
27565
23100
1753
2331
22329
26277
8639
28741
4451
9063
31469
17049
23564
27833
22610
24217
19137
15039
30992
20525
7638
24657
26929
9613
21428
9981
15765
2912
25715
27727
19503
29734
23468
9295
13426
20179
17544
25932
19461
4284
7197
24792
17342
5815
15867
28180
6350
8574
32513
2350
9785
29013
27254
27687
27274
17645
21845
9434
21956
16263
15335
19514
13211
31324
7575
17115
1508
17725
19203
5812
25419
23159
23119
30243
11844
2553
13758
21553
14404
8121
30851
8728
9520
2387
3540
16898
8982
32499
17985
5908
18971
13174
22340
22187
14516
20428
31001
32485
16409
15777
5839
5732
13559
1340
17568
6478
14437
17063
28798
14232
3354
30224
238
18565
19677
13167
22041
5993
4668
30057
24864
28083
27265
6004
17841
32298
9186
15165
14808
5495
19448
7495
6167
13284
29299
7380
22456
29795
1035
31496
24418
25810
20922
5452
26091
13181
6184
7921
21869
21989
7015
7701
25756
3264
10976
12235
23126
26944
8589
22390
12156
14232
13929
23926
769
29373
12581
263
5184
9577
22301
357
14227
23654
9354
16949
31009
3593
9721
3872
25079
6909
1532
17089
4955
19521
8991
21697
11356
29300
16925
4928
11694
2641
12372
2935
20405
2678
27255
26012
32480
15977
7043
14342
29240
21212
2036
5522
4153
30512
14648
23365
5600
14393
32100
307
13317
30785
3878
29343
5867
10319
31226
12643
3094
9897
3745
18579
14940
26263
31696
21085
8255
17770
24357
5427
19578
12477
25182
31789
1242
507
14541
28328
20303
13089
4359
19252
4419
20677
20189
2477
14634
19800
8589
18599
9819
6568
19001
18959
17182
9896
9879
8976
1286
13428
21483
9012
18305
4752
32306
14028
13485
13680
12192
18577
12397
17726
13389
26251
31165
2519
26156
11826
30274
22551
30012
17364
23589
25686
2
22838
11810
7730
4150
1918
15836
31119
20413
80
10356
18653
2519
23096
345
3226
19610
31816
8034
23575
16031
27906
16410
19326
31995
2168
30043
29460
5488
25009
4382
31676
28901
21327
913
21693
16916
879
24426
30404
19587
24273
30843
22573
6069
20281
20615
30334
25249
12564
18005
6452
27491
19551
15106
12739
24370
21701
8603
31960
1682
13575
11500
18657
458
10657
3986
1487
10649
28331
600
538
26661
1277
1216
30982
7732
21142
3039
22054
26782
8767
4974
21022
23043
18027
17695
19628
31929
25442
10797
2026
12552
9374
6967
10445
15258
24949
25166
8434
6189
29945
17229
26010
25739
19741
24168
6131
30652
29977
8456
665
31098
7951
14551
4188
3557
28910
15638
8260
27000
6295
567
23250
24892
27454
19368
27785
19259
5139
20461
18861
17208
5666
17137
24395
10141
9592
23198
21881
25269
7048
427
18143
21531
2765
11445
4470
28275
13744
1426
9360
23895
27819
24802
28697
18324
6063
12774
22812
407
28355
28822
22408
17442
9711
9709
8501
15172
4184
4744
1570
391
32428
9071
25089
23403
23744
10547
18165
18195
21112
1337
17818
13375
27624
16725
30278
30842
3256
17818
10126
21397
13005
8305
22028
6227
19493
5353
20832
19814
9219
25422
12917
23194
11085
32765
1798
5713
8242
11382
22112
18223
22799
9907
25449
28182
13972
25273
20449
27733
291
620
1256
23068
13688
32679
1216
8500
1167
15500
2517
12268
2754
28185
5882
22615
563
5372
23798
12212
29801
30889
6463
558
12094
22697
20997
11974
248
18485
4978
32653
32694
26627
4657
21014
24590
29280
22317
9259
7924
19839
22683
22719
733
6161
9274
18724
14373
25621
32473
30334
3246
5106
7451
28536
3787
3523
22903
15925
4956
14578
2946
29322
26426
31240
25713
7274
12245
8387
29913
19105
16155
31850
16314
25029
24220
2653
32444
24426
21996
29424
31672
23958
12361
18553
9082
27253
1406
15528
13766
2125
18951
16407
13976
27059
27254
16418
1200
15872
13846
30457
14670
8703
23757
499
13627
2280
1095
12838
32520
12690
14416
19252
22170
31716
14978
9319
8679
12941
29985
24577
5882
7412
5443
11469
18237
28018
4148
17914
28663
24512
6168
9513
13332
7083
17362
6853
8997
12303
28197
16531
12711
14850
4121
31370
1672
3152
6817
31204
16871
27432
4986
30325
8476
12308
31062
4668
9208
27182
13114
6968
5965
20114
3877
8060
10417
3343
5106
1926
26496
23842
10879
10957
22304
22308
25103
4761
30345
28098
21485
24343
24836
7086
27219
685
27698
6548
3721
18315
26449
12368
593
21379
24507
31582
26755
7706
3759
12177
16629
3295
21588
14856
23453
10747
25595
19295
1786
10506
1445
8994
32175
11817
4293
12167
22386
2896
1095
21852
292
26595
24528
29758
65
1667
8776
31500
1403
7466
4502
8347
4770
29559
12202
5291
14279
15174
193
15642
11169
22404
1764
21336
17200
1346
5810
30235
3231
6919
26976
852
4463
21099
4094
20065
978
20449
11260
1668
23381
23765
4332
24980
9410
2039
13193
24306
2373
8150
2553
14015
20685
15280
16719
18764
25525
18056
27732
8914
4004
16506
3975
26468
5042
10828
11874
15137
14284
20293
15839
31406
29529
24898
8251
22500
26397
6918
3578
11973
11870
23762
4139
9909
19270
30517
28653
29671
12937
6182
16178
19733
14920
3664
24259
26996
28724
22189
9605
6887
6902
10326
3322
22642
27343
29338
1802
19698
7547
333
24836
15884
6492
15202
22496
24420
17364
12221
16839
26127
5875
25666
28885
28746
14930
6962
13085
5484
9022
695
5101
12825
25
701
16980
17593
29438
7428
16610
28200
24484
4979
17071
27311
20613
18608
22942
5940
14143
3821
23011
22189
3130
22789
5827
27611
4491
455
23707
6964
15640
7569
19492
10529
3581
2594
31477
2153
20783
12457
32074
19693
6495
11809
15619
13975
28194
21985
16880
26765
30286
17007
20299
8362
8615
26774
31366
814
5563
24760
8008
20148
25098
23141
21682
3173
16234
28203
18406
4204
24234
16816
8138
24233
2678
12799
19977
18346
8314
30752
29019
20951
9675
31723
11527
17132
31362
18717
6566
23981
28842
23212
13097
10197
19036
12376
26653
19535
25384
25219
11822
28072
2231
10306
16362
31941
18095
948
26568
26577
10711
2195
31849
13690
15996
28936
29213
24669
19987
29892
9641
1726
8223
5708
17480
17021
16981
23188
29935
15685
7166
7888
9941
21767
20638
135
10547
25767
13779
3049
28744
1269
24703
9314
11169
23006
3369
23407
4503
16356
26529
10673
1049
28107
30179
15936
29356
24213
10814
22593
7599
6065
24758
24251
7908
8048
19366
10918
23340
14264
5034
14149
16786
12540
11963
11446
31627
26987
12956
30920
29308
19560
9846
27148
20093
26171
6079
303
21085
24582
30303
27782
14566
30714
31766
25067
30562
18890
8984
19144
2398
31584
28667
30321
10669
8656
4819
18103
7344
29322
9116
2746
28629
5331
32216
31742
21086
10102
32632
4545
27492
20150
12032
7820
20763
24200
3303
27657
1367
29951
5180
18708
6991
6408
11920
15892
27297
12631
7951
23436
29591
26529
10480
22253
22697
19468
29968
27055
4419
19684
31449
9887
14792
22159
28777
14715
9430
12227
1520
17596
4556
26102
28762
20915
11401
24086
1839
1751
14967
23931
31159
6238
6345
7962
24417
9994
28672
18683
10085
326
16564
21997
11177
31345
11665
18296
27362
19578
9888
13331
11771
14253
22983
1431
7354
21708
3220
31732
1441
19810
17206
