25805
25286
24719
29894
29026
27131
9815
27262
12104
30295
17743
32425
26568
5399
6808
19322
30616
28193
13387
21808
1607
11740
25601
25232
19674
16709
23193
14739
12216
6208
12597
5212
12227
25131
902
25196
30408
30905
32586
10777
793
27902
3346
7740
13944
27334
30281
15403
19511
26155
11378
1511
31390
18279
5553
11414
17293
2278
653
16179
14434
31648
12532
12676
13597
9637
127
20300
22211
28409
15352
28611
12544
4259
7194
32067
1807
31233
26519
9540
3039
8286
21600
17546
28014
27846
3616
25501
12153
15385
1545
22394
6488
9567
28628
23176
15140
31323
4099
12749
19994
13923
16234
12898
29764
20335
18413
15140
6998
7535
32395
30381
1750
19426
16028
31107
17791
2468
10838
4238
5608
27399
21654
21456
32353
12838
14302
20816
7197
29046
7833
25687
28055
15518
24743
3295
7214
23433
6677
23369
2322
13241
16172
17486
8548
23518
12718
28984
15769
3495
15196
24658
4128
27096
4539
27037
26436
17053
18200
31684
18003
24605
19658
9554
6656
29523
27319
15907
3078
11033
20506
17688
14862
8070
8579
17935
21459
1914
10271
23571
25732
27767
1593
9167
19306
20659
5377
12873
10186
31595
20364
25549
15373
24441
28445
5926
3102
20521
7331
10517
15124
30793
23426
17403
27665
18303
4502
22489
10857
18912
20597
20090
7431
7613
17397
20463
2317
31680
27119
11068
26555
1336
30530
14161
5010
19634
3610
16444
20665
19657
10610
21660
13471
16703
25047
1881
12514
5708
28527
31122
17776
25141
3387
16599
7660
7457
8601
32153
7763
2857
20493
13790
8927
3246
22592
18489
30507
18671
26185
2810
18585
26330
14380
27554
6129
18467
15520
8858
28234
31380
3862
20260
22830
21412
29942
3985
29177
27210
16428
27061
29826
25363
15075
6040
10493
17011
144
3182
9504
14680
26675
17865
10373
8197
25562
15630
6224
4894
31078
3365
24081
26367
14481
8309
11756
25938
21040
31504
30711
2273
13494
29994
2275
11176
20986
31184
7647
23343
29242
7639
28601
18199
14431
8978
31046
32242
15234
15304
32005
27736
22960
8804
3583
21047
10218
22895
8177
8810
9072
10172
25261
141
2112
9442
27838
20752
28889
27119
31051
3979
9028
14939
15678
24401
12117
14651
6052
2632
16943
32439
8535
25080
21254
8638
24539
14049
3369
2553
8071
23058
6975
7677
14565
23799
14288
8644
17755
883
9992
22878
1802
7214
32184
17380
2038
13105
22942
686
13415
21168
28390
16581
29840
17958
3824
11931
2415
5032
3156
26106
12532
8050
8228
19003
21861
11719
13425
14520
19457
14072
14352
7556
26340
16834
24477
16473
24106
14300
30657
24017
21591
26833
11441
24793
31223
12044
27383
20579
5249
27441
15733
17756
27777
18868
19623
31966
26358
1700
25384
23206
19961
9159
7032
28616
3232
17644
6908
22945
25122
9853
32326
3342
20540
25172
23191
25051
18643
30415
30882
29311
24282
17447
11411
9222
32374
29693
28496
27214
28768
32566
7423
7286
11404
17929
31944
28052
16392
28246
30172
23974
18982
31802
5558
14028
21725
22752
19361
27316
3181
15258
32122
25685
6722
10544
22967
8672
10011
32120
2728
10995
18539
13094
12029
14096
23807
24038
15241
6223
7394
2728
10821
15951
24702
31291
6808
25970
25347
27166
18133
17994
1037
24467
29446
22862
19585
10484
14568
722
15031
2378
21814
15158
6623
16924
23082
1885
26781
28549
27458
21856
4855
27273
26176
4484
881
9641
7540
1898
20342
14261
1853
25478
762
2274
1742
26834
20318
22045
12846
11972
8596
32414
14722
31613
25475
20415
21391
3651
27821
17167
21371
28209
26127
25250
19411
4397
9544
18348
25299
28443
17150
26446
15329
21840
28798
8624
6746
3658
20642
18256
8593
12702
22520
2202
22037
12337
30752
952
17459
28843
6774
25771
28604
4137
11762
19355
28937
6963
19532
28011
25403
21229
14947
8849
1991
21137
18399
22565
17203
10524
21013
5943
22298
15176
28204
5734
32118
443
32382
2478
18719
30590
14145
9346
28558
19632
22119
539
24551
12668
4802
26639
19255
19784
1644
5925
505
13871
6246
7784
19168
31922
10623
25722
5840
8106
2168
23339
13869
31873
29029
4426
29529
4002
7254
5820
13944
6446
7991
26314
5751
31217
9973
19647
31564
23700
19427
30387
13695
32532
1371
10914
12009
12403
168
20929
6332
22189
24355
19985
15043
4333
8093
20020
18411
18945
14077
4992
23555
20235
7210
24146
1728
15994
19244
29860
2052
25401
910
30434
8543
20518
17926
30458
8407
20422
21848
1459
2276
31799
15991
10815
31167
4966
11245
30739
16348
23426
2174
14070
11189
11184
13576
20824
5834
27904
21934
31974
14822
10143
31285
20827
14499
28751
9646
16793
1584
18965
31062
11000
1874
20529
1722
28382
5545
15443
3359
19088
18485
7436
9760
24903
9497
20611
9625
11399
8350
5993
12484
18092
3450
21551
20642
17350
25171
19062
925
3238
30847
29383
4715
28729
10254
13956
11317
24341
25866
10270
3577
1362
16893
2953
14637
13979
31668
17133
32165
24708
29251
29599
23222
30494
13129
30543
31644
4042
31093
28035
21273
7754
17737
324
6751
2078
29470
14102
14128
525
29289
22318
19780
27650
572
18400
32491
7961
5904
27735
8435
25082
19905
23432
26060
30566
4058
872
17386
31503
19731
3165
7019
173
28184
4339
24314
10574
25740
32209
17395
8941
31822
11755
15815
17991
20987
5881
18595
18154
4788
6695
18252
10639
26913
19726
30798
29865
15285
20195
18005
20286
8244
32238
30683
502
10355
8510
515
3698
27744
23196
709
20702
30017
29885
9804
24522
28225
25020
31644
7733
15912
32199
31864
13291
28266
27160
19587
24594
867
5158
29605
23039
10721
15645
6064
13390
24035
5516
31044
30257
28320
16734
14320
24328
971
22540
8601
2098
2070
13585
4384
22819
7413
11421
8255
439
31652
30861
12468
28358
26475
29083
4258
27897
5409
26834
15924
28124
11247
13638
3715
9012
17238
18945
15290
25746
627
26688
7800
4904
17538
16864
5749
28636
26274
8211
26217
6043
8919
25175
1833
6640
7253
27049
13843
24021
252
17397
17069
18633
25631
11218
24457
23586
13961
12396
31340
15525
32706
6593
24494
22612
15502
23825
11492
7815
1719
13711
22205
32318
27148
13661
17962
7862
2730
25271
20674
1594
122
13679
4196
9020
3067
2201
24094
27556
2114
21639
29773
1640
15935
17656
31750
13149
32065
32652
2485
25933
7356
11899
19716
16969
19275
9095
30719
32320
20209
10031
8565
17361
6820
18470
9889
8030
23820
16131
20489
8290
27784
14906
15783
9476
13426
9803
24135
1004
1956
17977
30256
2133
31802
12350
30982
29795
13466
701
15087
32183
14770
25976
15605
30786
19073
11011
6316
9046
17625
9849
20244
19715
2915
2413
32448
16288
3299
24099
17720
11688
20669
29184
20381
4040
11449
17472
24203
10549
2051
19687
16707
9795
20342
12282
3082
2356
32537
12526
3532
22861
25834
31329
18693
18480
219
3592
29666
16741
9755
28905
17315
6202
16790
26570
1859
18381
27071
22505
21851
31079
7053
8173
20804
17675
18627
32029
19323
24655
7029
20688
16714
12139
4808
23076
32677
27792
23801
14323
27987
22907
4769
18179
16462
12105
14135
12413
8811
16525
8918
15521
2365
416
14656
15799
17719
27448
4644
10057
3090
27452
30364
9615
622
22487
22522
18731
2236
6348
9156
6935
20315
31497
6397
11483
30209
25214
678
30979
14941
20015
31621
10192
31227
25224
7973
3118
2919
28145
19486
27878
12949
7075
23446
28181
13440
18618
29192
11997
19986
12171
19781
28506
4676
23863
13240
21207
29574
9601
26861
4674
31841
2268
19285
13022
31579
16584
32579
5432
9755
26207
19259
28764
30669
26411
2412
3400
20168
15419
21115
22177
3438
6006
17794
4261
16980
31535
4441
19809
7076
28665
8980
28964
10687
19644
7628
23347
13606
17672
32675
1726
11162
12714
6146
14355
26754
18301
13093
2578
23694
12419
7898
28641
22682
15156
27781
32481
32725
5142
5224
5344
9506
15758
24097
11920
6078
14838
12916
567
8995
7151
14923
12969
17965
28921
28411
11892
25980
14913
32713
3930
32025
26553
12461
3588
5468
2414
5718
24052
32525
11031
21357
1468
6857
3561
15134
1901
12199
13491
31957
27987
5404
30246
15685
3807
13340
2420
16559
8677
9090
16670
2657
27656
25522
26630
5501
10354
32125
29900
2811
30152
2117
1879
6385
24668
23393
25778
20242
23717
28354
25882
9333
17901
11991
2133
2713
13642
18351
9285
12709
17615
11102
25020
25076
4867
22433
31634
3792
6802
7877
29685
1662
12867
30660
13313
25468
18730
6578
18832
8966
13087
26199
14164
1246
6511
26654
2851
6221
25553
26414
11921
6757
11675
22998
9668
2442
6965
13358
12420
4657
9166
23291
402
14566
9039
15828
59
26004
18573
23683
18476
13313
13251
15278
23432
11672
22847
3255
15160
20587
31835
3296
22915
1912
22191
24499
6878
30763
16261
26785
22789
18725
26509
26601
7242
17980
31955
24251
32557
1475
19181
32413
28718
29451
11129
10255
17887
25129
23239
15466
22845
4346
1234
18190
6720
14693
7797
16828
21169
6368
24283
30785
2876
4406
27960
20309
18118
18055
5814
29378
2049
24208
8371
11977
21821
17708
2857
30913
11905
6683
22381
27393
10714
11267
10013
14336
10739
9396
18259
22715
25318
19120
31775
31319
8530
31723
8245
28424
1966
17871
27874
9777
13788
16003
32325
28621
3841
877
26555
3853
4501
246
27803
24642
30134
26509
12580
5630
1474
29166
30643
20854
25892
24740
15929
6699
14702
20172
20461
30922
27049
17437
7998
14672
26600
10277
31756
6257
14628
31445
31255
24635
12099
30272
7096
14327
2426
32160
5327
11088
28373
32154
14844
11447
30484
8643
28690
5893
13753
866
12232
29282
31583
13688
29106
102
16717
20989
5744
21375
29515
27757
7974
30099
2997
3459
18988
25062
13773
7236
26630
22077
27221
22592
31894
16196
14942
18709
144
17453
15451
18228
22319
13722
20345
488
19494
25533
10547
9876
11738
8125
24864
3388
22478
27740
28432
3654
16734
8664
20312
25986
25777
2318
16746
18025
4585
12773
21673
1442
668
2282
14203
31691
16776
28728
31903
1397
14978
24475
19137
17520
1712
20469
10827
1610
18680
30176
25983
29714
11960
3988
11971
28513
26808
18956
315
16540
12381
356
28573
31347
11551
24710
21825
13997
20028
9221
7544
4136
27822
1097
5407
32283
18779
2797
31348
29855
15245
22373
16168
28270
9121
5860
12469
17386
30211
13180
31473
29537
29274
32392
14563
16015
23295
23111
2006
16740
16564
9929
20653
26120
13971
30223
15222
23069
580
19310
322
26948
7283
27188
4147
24802
5505
30606
13782
24868
12922
29609
17331
16192
22088
19992
25123
23806
2854
6518
1378
6520
16471
8780
14565
16157
4119
27956
13550
4860
8658
24639
29277
26944
31892
7061
12489
25334
24001
17755
8911
14615
26630
19674
13482
14530
16015
26845
8452
21705
24698
21850
18444
28783
22668
5205
31945
18288
5411
13826
15534
5954
31852
27690
1390
28059
4310
27855
15634
16435
14791
26643
24648
12747
1165
5462
27390
10350
29079
7071
12079
6391
8677
22845
3581
11219
30909
20142
18177
7944
1440
12479
20959
2422
19068
26101
30237
25437
12835
29484
5429
30752
19196
7038
23272
9545
6648
14182
18390
2764
6600
1829
19020
4240
14926
1125
22877
25899
29777
30493
17972
23022
17780
20916
14248
16417
10345
6249
1041
11151
23906
22514
23898
15942
5832
28515
856
24984
24112
12626
28762
4197
17803
8249
13314
5789
14492
18971
28755
27136
688
1899
11530
40
23689
8489
30002
17866
5787
8782
29427
6969
13179
22634
32171
31275
1684
18316
20032
10432
11036
5474
19892
7616
26438
12193
12793
31268
20409
12711
23815
15321
16194
19808
12845
3520
30405
15206
21924
22777
31098
30316
2666
31585
31061
17884
8781
18265
26566
23487
13382
12490
32419
2526
3337
19302
21859
21030
3546
32304
22156
22097
28066
4158
10606
27331
4162
29373
25618
20658
26663
27703
6510
23434
5663
2321
6106
1424
15211
30040
27592
14277
12821
9149
31407
18701
8068
26077
19016
30864
5453
22982
18429
26465
13388
20663
9375
21854
1524
4904
6231
9559
32739
9738
8927
27762
26041
30032
7153
4301
32043
1966
10240
15206
18515
8097
25895
8504
14922
28079
25695
26535
6649
14320
17140
10270
1836
6861
30778
22263
21992
18184
11132
4507
13311
24829
9781
6122
19681
25895
13954
29917
24501
13797
5592
6761
31657
13950
10226
29863
22150
5987
9742
14387
29063
14261
2649
28626
107
16391
20392
3415
18121
23141
22888
455
24484
11157
6104
8379
9023
29084
15478
21254
7986
27525
4790
23704
21694
28253
20730
14754
12638
19330
30143
22267
30110
27678
1300
10691
32304
17902
14929
27206
9021
3400
517
30242
8697
18524
20528
7597
17530
10170
9907
24721
15306
18452
24580
23993
24635
16709
4646
31345
19450
9875
7641
1224
999
23601
15886
21817
8868
26120
11165
13195
14828
5048
10554
758
24103
11737
2982
31111
4155
2182
4642
26310
31140
7964
9001
19861
11975
7487
16734
21851
27523
31006
19652
22114
32266
760
25645
1406
21487
3552
31477
752
23936
5565
30447
20617
15189
1684
27296
29459
27177
2314
16299
17132
24809
30756
25997
12276
21771
25682
22666
31913
6433
18348
5351
13457
18862
20347
19034
25049
15416
24315
25535
17979
25758
12127
14092
6949
9388
12566
29063
7447
14829
4685
5175
26188
15808
3765
5272
23710
27566
27782
30099
13988
8699
19140
27820
23581
20603
9409
26494
9617
18855
12003
1380
16181
10736
28839
22906
13072
18772
16358
2244
24156
27438
343
6316
22063
8274
21078
434
32602
3929
32739
23135
23953
5946
28398
11898
24013
27
22994
22143
8175
11878
1823
25421
934
3102
23964
29215
31890
7284
31116
31933
29098
28053
10033
31220
11227
23751
26255
25155
6129
24756
23666
27863
24507
19973
21682
6330
7786
18995
14774
22087
13371
24730
9527
25825
32086
28112
28230
14564
28661
21812
22673
32220
26056
13514
18658
2293
5273
2886
8936
20403
31276
1126
13370
14051
16233
24453
20633
19922
22204
9326
885
18876
22973
6766
31411
21895
27148
13741
3758
2481
6527
28349
2940
8328
7552
14452
8050
15001
20912
2039
4842
18282
19921
8984
11587
26220
4834
10466
27434
21547
5003
2161
27160
14280
7100
23048
11548
25769
23442
20061
7899
25711
6522
10295
29909
23848
20376
29755
22506
10182
14442
29443
30236
10961
3752
26993
24982
19800
1135
19267
24814
5677
13727
29671
5287
19282
6530
24976
5626
9646
14254
9865
29397
27908
9260
1226
11045
4134
1753
26569
4945
3430
12813
12434
16390
16206
3195
2074
24378
24977
21080
11216
8811
25152
29120
26742
7720
21313
1621
14127
17107
4094
14377
12505
21157
27482
478
19356
30962
31209
8715
5827
26287
19552
15330
26827
6193
11850
27408
13242
10295
15613
20197
29619
21547
27341
20661
27590
5541
17023
10622
9484
30001
32513
27338
25588
31314
19288
3799
2008
23751
16089
21494
2260
23308
27036
26417
2007
23076
1326
8752
9466
12950
7558
24670
4113
20150
17978
12103
1920
32293
12275
24132
14673
8859
12831
12635
14979
6628
7397
15201
2212
2345
26462
9057
18850
28017
3586
22850
15838
5479
13664
32163
6274
26718
25875
266
12821
7826
28401
15934
18764
20145
22149
5105
17955
29850
19648
16802
13101
21860
5099
3010
24872
25762
24544
27414
26837
3813
1658
19292
32519
3459
5194
7473
20217
10135
6539
16178
20196
1097
17240
610
17105
29264
5405
19916
25004
18613
22092
9577
20635
17625
2129
6211
26766
2489
30919
23003
31254
9329
17388
2760
890
14847
23378
29858
3336
16970
25816
15646
8105
29795
1497
21626
2488
18442
28323
8988
26132
12404
14891
14966
6516
29771
30207
3372
14843
18167
26235
29305
5389
1820
23360
30927
18272
18019
10210
19389
6998
32382
5345
12566
8586
5990
23771
24912
14248
8935
2559
16170
29059
29023
18373
12945
6241
25539
31964
10949
13465
7906
16740
3000
21857
1006
1374
2743
2785
4664
31585
15947
18060
5691
7054
25954
5551
18908
21190
10666
27210
18928
12826
24894
26144
1279
12930
4996
23562
1863
24786
17749
31632
18436
1515
20575
23226
23535
7982
18888
21028
12549
15159
15380
24401
14217
3783
14409
321
7244
22017
593
17222
30764
21978
23711
27155
6363
4555
14102
30486
18146
2504
17702
30216
11493
5238
16184
18626
17448
10649
21324
25938
27218
12491
2272
14926
1137
10356
7188
11624
21311
14582
5133
26691
23716
2088
6295
26501
3707
24838
19214
46
32409
935
9854
20264
27659
12655
11017
18206
26016
18821
22665
20626
14760
2439
15479
12330
4858
18045
5900
10059
26428
12812
23461
745
6750
32749
4204
3230
31592
32669
20789
4601
32374
32341
31142
30232
22528
1340
15003
377
23903
18396
7880
25613
20109
22226
17057
7566
27949
27338
17270
16403
1227
23467
10723
16610
18532
6159
21351
19333
10537
12534
8019
19232
2688
19899
25318
7681
30540
7239
26806
10105
15470
4484
32593
13290
3212
3604
23333
25378
4368
15172
20381
3303
3188
13371
9101
21459
29118
20344
1232
23139
5446
7291
24368
20042
23231
27073
6789
15883
1141
26358
1057
27846
2004
14183
26476
6226
2858
2230
6604
25997
28846
465
32200
26352
4800
7716
16748
29031
5490
18702
23535
13151
29000
19858
3731
16928
6972
28240
27853
4445
28165
14771
12198
2313
14489
28267
22625
11629
5617
1054
26206
3448
29196
11354
9278
27478
24630
24527
20552
21316
9866
19387
9227
5282
8886
13221
32581
20809
27646
6990
14852
5920
22148
19685
25099
14314
15302
3962
26487
21346
11368
8629
31907
18314
28468
19656
11592
31552
29023
9122
28905
14098
3085
16997
15470
83
17176
8731
22287
10862
24845
21669
30323
4731
5240
15603
26137
14608
29282
6011
15864
11866
535
26339
27746
1132
13869
6401
5934
15318
30401
30726
6166
24186
8452
15350
6238
15515
8183
20572
4023
55
626
8763
10850
2711
12907
2631
23192
20516
12661
10069
6442
9852
32391
15633
6501
14533
2303
27375
29752
5698
21734
20324
3737
3875
13430
27477
16164
21410
15065
22992
30469
2379
19508
12282
29209
19099
28388
6472
12880
17613
16904
1010
19030
26609
15679
29093
15218
23870
7603
16505
27310
14249
9302
34
28984
4791
2411
10090
19464
5007
18761
15839
11971
83
11867
19912
32223
25008
15468
12894
13321
25268
24865
5689
14019
25312
3527
13833
24146
28287
7759
15238
13527
4406
12695
17578
12476
14043
22252
27421
28241
3722
13516
24561
11447
9206
3312
28559
4606
8958
16778
497
31370
31105
16331
27410
22459
19314
29608
8099
25037
27951
10462
8704
8444
22542
32051
15202
4588
19769
18431
21846
26953
6845
6892
1902
15018
14045
16378
11574
1724
9644
22726
6249
29852
23771
779
13157
14980
6607
9833
10205
31146
24054
20325
24014
4453
1372
15282
26292
11666
11129
31663
10493
5174
21070
19760
24510
30309
32688
4993
17061
18530
17635
4264
27183
25863
25706
17387
17434
103
2590
4498
11294
11699
18814
6126
31960
31834
22086
21914
11527
28788
11075
1281
19706
23137
4965
20768
30793
20909
18710
18318
4036
22327
8138
11193
20393
25235
27607
3954
5658
24236
7304
21676
28109
22958
15468
31872
12550
27683
19444
26485
22722
7004
10813
27391
19509
15122
43
24645
17527
4685
25015
4135
6267
18309
6538
8320
1344
22535
21194
26280
17995
7835
5428
17214
4692
11620
18283
27428
20544
32519
11151
16842
6223
17168
2578
10416
21911
18833
32455
26662
7089
21003
7228
5463
1202
16786
22858
6533
11100
1069
31978
16022
5526
7548
31818
25808
8986
11421
32545
17889
21614
26447
32319
26914
32277
20568
12392
11548
15366
11557
14690
2636
14685
32433
20301
29475
8273
424
18995
30033
18022
31179
20960
67
26851
19606
7668
29930
3463
12064
31798
25279
23416
27460
4395
5636
124
32766
1768
23372
30315
8471
7716
7229
15589
23045
21905
14741
23360
22541
7021
18027
16068
8106
15699
2232
18715
12594
2648
25365
8963
24759
23379
3014
10054
25899
30076
13560
31212
25288
31545
2631
8111
29871
24372
10115
10671
31184
3505
27828
18791
10505
16415
21339
24800
12434
12012
10491
25380
25752
5534
21208
6390
16680
15648
32511
7616
17231
89
26246
10445
23936
32515
1301
30392
2869
29371
27046
26405
18393
23124
1160
8878
27878
28529
5802
23841
15179
6739
9750
2024
5136
22511
7100
2248
9276
17988
28273
18639
2039
19179
32567
12167
10476
2032
2751
24176
23537
4832
21548
16557
490
8739
27930
17150
12266
9356
16095
18414
8860
30511
14608
11342
226
11635
18760
28641
12731
8040
36
22105
18794
12890
1938
5250
20949
4006
20044
23998
29227
15820
3231
26033
14793
20422
1649
10813
4703
7832
11906
6577
7502
16681
3826
26941
85
13905
6916
12202
25965
30003
20001
6215
12785
22477
15392
16935
14594
5069
30404
8073
27946
13734
27782
27032
21823
20964
9365
31829
18571
24764
31772
11985
13865
30696
18627
31647
31666
22194
1144
3465
3866
30798
26223
1154
32724
8300
3431
1756
4925
5646
7984
29371
55
151
362
17354
3604
6949
3983
300
6839
12833
29236
18358
19445
7957
31627
17499
28737
14013
11565
13031
21129
23904
19222
13553
1371
13664
8177
5386
26956
7185
22167
19003
29338
26823
3282
20399
29200
8755
870
9388
25898
7663
3922
2248
4474
15959
12371
18521
28490
17051
28842
11565
10115
23826
29215
26491
10446
977
19526
794
6136
12157
8193
15601
8091
31837
1094
19631
25339
25011
12322
30396
6190
29517
1534
31343
3456
24919
25634
12417
7701
10867
24183
28097
22992
13324
17809
32266
25716
15590
7916
19314
20489
24058
29302
1477
30338
3458
4430
24114
5788
22608
14796
11075
14345
17763
15553
2323
6862
6076
2048
18875
13802
25198
14877
18957
2360
8949
9076
32389
18070
21960
22637
19580
5703
14642
14591
927
31382
12893
4467
2976
5820
2224
14443
6699
23812
27482
20002
1308
26669
29999
245
1263
1040
8884
31523
31607
10627
28277
24017
4819
29052
1951
27985
18591
17274
22218
21155
14695
17184
17687
5692
16481
16675
31099
14343
16219
13159
90
2218
8946
30821
4440
10250
30469
27088
26476
19729
8041
632
24374
15023
2270
7022
20370
1566
26178
1129
20589
4715
19973
31592
25559
25906
19421
18329
13658
14505
15035
31610
25482
28383
31485
8766
2014
19014
22757
23666
28862
3952
14154
12256
16861
29718
21133
3764
28361
32606
12239
23005
17345
16221
3169
25270
28870
30683
24956
12262
19188
11863
20531
2437
14355
14155
2469
4224
30826
10418
1911
25918
17107
21958
10370
8579
26389
14350
1480
10645
27245
27032
5037
6302
21102
5252
25444
19538
4620
31682
6311
21457
19699
283
26539
17871
25885
19574
12115
16882
1699
30804
932
8571
9683
26526
15481
6953
9092
10400
23671
24154
2982
2389
25668
26996
8733
16613
26100
8067
12752
21100
27844
24868
20988
3325
3339
11425
5583
19687
12397
2397
23090
25142
29266
17011
9702
16509
8342
13466
20434
23507
13443
13132
24475
22300
22524
18727
23670
26506
19194
22419
32314
4451
15677
22949
29882
8708
28731
20035
14673
2854
13661
3465
7870
864
7274
3436
4914
4077
26179
22941
18600
23472
4050
17072
14197
32629
2365
2174
12064
8058
27999
968
26995
558
19832
4893
21458
1080
25891
20221
716
3515
19081
18750
1008
27864
28373
23471
482
14709
744
18940
28334
9789
5197
15057
10331
25320
30319
19522
19396
29629
19465
18283
10659
8789
17631
14163
4591
27553
25516
26391
26984
3887
24667
2884
15728
9128
31353
6788
18972
21662
20459
6525
9867
11652
3036
24054
2934
5630
506
3387
26633
25436
2530
22979
14577
9056
11992
17425
21943
1096
1980
25304
10316
32264
19257
30306
741
8408
29760
19250
2056
11502
2741
12265
22759
22413
25704
614
32238
24894
29254
6193
15768
24926
28113
1562
21894
27352
31437
2845
18898
28212
4412
8841
16033
31953
17293
354
4087
20846
13585
771
7120
16879
21678
18695
29292
32350
12247
4714
24810
16689
29115
3564
2584
21707
25277
11190
394
4677
31781
12864
7401
15725
25621
6770
28558
25103
26046
30474
9295
5748
14803
27453
10649
18217
13118
29857
25536
28673
9235
3146
22930
26205
3778
25395
3890
6315
30608
15840
804
26413
27208
13122
420
31228
2093
21211
16956
14412
12852
30243
917
17649
9072
16681
6542
9251
4046
5757
8587
28286
6914
590
20751
13644
15297
24784
4750
31751
24369
17376
25724
27418
24734
23531
11946
8168
10606
26636
466
15887
3415
29044
30065
9710
14031
22031
6100
29797
14276
26213
9334
12251
4750
6846
29833
18054
20258
9097
24019
16870
28808
22782
29627
21395
24207
19971
24228
7993
6079
2636
15737
26081
16271
12231
17801
30322
23768
3895
5270
1911
23690
28702
26920
24098
11422
4065
13607
26257
843
7207
16041
8529
9853
11394
17161
2593
18307
32593
20537
23544
18183
32229
18521
22089
30020
19426
17288
26501
8819
26088
17402
24802
4998
4979
28746
5979
12057
12288
18450
5623
30374
3954
1722
17743
8184
435
10381
11338
25314
14750
17938
11820
20272
6941
14745
27087
16094
13454
17172
7727
14472
26476
7720
14381
22050
1067
16004
28044
1001
23907
9842
2368
11161
5681
2987
19688
8161
12251
15984
2969
23572
6834
1750
25053
27681
20029
27746
12027
4293
11411
7125
13177
29695
13577
24393
30944
453
18957
23677
26303
14581
3666
3438
10482
2190
7470
10023
19236
3360
8768
25305
11667
17025
5205
23854
14099
32194
6028
32731
26710
17249
19129
10613
13418
19904
1032
1925
17027
22486
16611
22238
31995
37
19733
32302
4503
22508
25903
14036
18188
29341
22570
14321
19394
2449
27727
6082
25047
2043
2900
22317
3175
4891
31176
19353
8715
25268
7601
23299
26783
32191
6259
15950
7753
12129
14323
15835
5046
18459
765
7258
15271
32577
25827
9184
21421
2221
15463
2361
2608
12980
20955
6527
17846
8281
30855
26091
29026
29633
24395
25068
29371
31975
21638
10102
11440
16529
310
21917
13272
27523
24416
15714
6142
1522
28594
20685
26332
31547
29287
2108
19495
18901
10091
12794
29388
28548
22975
24595
2938
26064
14880
26727
7264
17078
19683
11006
32312
20893
28452
4763
10884
14476
14111
916
16151
32153
13278
11488
23256
165
20501
28530
14275
15686
23626
20421
9776
26885
1080
9657
19800
16842
13174
32413
21781
8340
11604
25997
23785
9325
23558
1534
25666
2462
6916
23703
2044
287
176
27203
14632
7249
27449
7556
20748
8431
21696
26122
9834
22850
12986
9860
2054
13461
25750
30902
16482
19433
30111
30667
1740
7914
13859
1261
410
7457
28629
14868
15797
20330
14704
32539
16212
13737
11677
29977
4106
11449
2327
11246
28163
28837
29709
22044
139
3867
31432
28377
13775
24093
31117
1634
11752
19194
32709
10385
22293
5501
28251
4530
8008
19300
21862
9619
24293
6163
21768
23770
24774
15498
1429
7323
11138
17301
11000
11306
28655
17986
14163
15662
16613
21656
24806
14839
30789
22150
20274
19986
27962
31002
9054
23834
24511
31732
24537
23504
15714
29433
29505
16238
9031
20556
27268
30521
16751
19066
3653
9302
826
29428
28545
990
8491
4291
10098
16181
32748
4983
20147
5783
146
12896
28582
6643
9761
3073
30739
25597
13395
22978
28177
2943
11157
3045
27690
16111
18003
25019
10426
15943
23413
21016
3224
10001
18986
22532
7416
18113
21220
30643
15504
26440
420
4024
2042
18918
3447
19061
20826
17472
20800
17366
32576
13234
16825
14143
21200
15078
1205
18882
22816
32166
3496
17558
3041
20206
25448
21444
25922
1350
29493
7460
27409
26958
5368
17288
29987
29339
9416
10807
13047
18113
21938
3229
13462
11953
8634
15936
31421
30278
31517
9974
21054
27162
8921
20310
32420
26526
18543
4460
30742
13162
22248
16817
16510
2513
4886
25657
5098
7609
28444
16943
30770
31145
14129
29567
28635
30500
31648
12498
21563
16438
23571
447
6878
3916
6162
6975
2601
8521
2247
610
8509
3541
26628
18241
14110
31224
2183
27700
5397
22761
25468
19781
4178
12064
8003
7140
26326
2994
29556
17116
25488
11230
3616
18053
3526
31971
24154
30011
26551
28693
26614
31760
127
21808
1169
13246
23866
12012
13778
14816
32108
13778
27886
10849
32417
32077
27506
3380
9040
28420
8509
19525
16645
4199
11211
17840
22975
18056
23226
20018
25751
3117
23942
14300
2467
20003
32408
12559
21786
25045
3967
4004
9657
18973
27261
23659
23141
15961
11589
13015
785
10178
4355
18679
6370
2297
925
13224
401
995
26168
15114
25106
29111
5375
21296
1139
16725
7199
3356
21766
4058
15894
5098
15042
12145
12078
2635
20199
4204
10820
23605
14305
16531
17102
22745
11119
29883
6173
10454
23556
20635
19935
29868
21870
24796
28135
20339
3253
31599
5937
14797
10054
31267
7712
20761
15696
887
523
32489
7023
21932
23544
15542
18312
18463
10919
16339
19700
30422
8147
8608
5088
19545
21172
22528
18419
24003
31688
4621
4658
19736
7635
19722
10785
9689
16421
13720
555
26582
7707
10541
4932
13380
28648
27587
3021
20751
12437
26061
26040
30322
1351
32367
10220
6852
10689
26094
22251
12437
1577
25702
22706
2809
21007
187
20449
23588
26795
5073
12827
567
12902
7168
7600
5722
18333
25794
12921
29195
12449
22191
29188
7861
26370
940
27377
25477
31757
17247
13212
25977
2195
29670
30717
3514
18924
13000
7884
10795
4156
8747
18920
31810
25077
3656
13817
10775
30877
1821
15700
17850
31442
16993
544
24266
6027
22973
951
21059
26272
14649
9039
19608
12941
20981
23514
12802
3955
25881
12587
24855
25439
31502
6745
926
17359
23279
27496
24994
19570
5690
550
27333
21296
31948
14932
27095
7530
3340
27910
5799
31363
13414
32589
31257
26527
29691
17426
22649
8362
15766
13637
5647
17053
7394
18488
18932
25340
219
24901
29476
16547
14723
10935
979
29123
32214
21224
14085
13096
3583
30118
25689
15549
17868
13531
17957
16209
13152
17517
26056
28571
1576
28004
8764
17020
27152
19531
1259
16005
8950
20184
22724
1721
31838
13519
14221
660
24936
6179
379
18252
12544
16478
29440
9814
8789
17732
19684
1324
19852
17587
17047
25166
11445
12238
8902
11142
10494
29531
28204
18801
2086
32616
20651
1083
20021
29237
12443
9642
26475
27214
18530
31838
11894
17400
32324
9303
8936
17870
28285
14519
25575
172
23437
21193
17190
26316
30932
31299
1045
24111
17246
27336
6997
21055
23808
21169
623
2226
7588
28429
29637
15793
20193
10470
8905
19258
17871
6087
17516
24515
20249
3450
31706
2080
8531
3862
32612
4262
18830
24378
2493
401
17962
32147
27498
15011
17388
16292
20596
29198
12624
26310
3680
6804
7201
22381
3680
29933
3398
21934
10187
20585
22239
27390
32459
16086
2193
22845
15190
16292
32285
16115
11359
9799
15416
20697
11085
16349
3991
19611
21420
31761
8777
2268
25378
7487
31561
18042
21925
13273
7252
10004
4588
26889
12792
27850
14883
23703
2542
26436
29923
6670
17321
12790
16993
26906
28463
10146
12774
32053
3624
12062
2943
18562
11060
17751
16885
30201
31618
26774
16639
20165
16031
18690
27575
3818
20619
25191
24395
27947
8722
25397
19957
23083
2905
1228
1581
15058
11448
14582
31261
8690
20935
20661
23381
19755
2748
64
7872
26892
28660
25672
31958
24698
17359
27775
16916
15190
26305
20315
937
20570
20902
27415
3187
20036
2646
14332
5673
24631
18042
12254
8922
29022
12446
20201
2710
21458
903
4510
4459
20158
28614
5144
6547
22465
32653
13972
17899
31635
27842
27440
8359
14828
7506
4339
6724
22689
14792
14
29887
29200
4638
11105
28421
17087
17618
31553
17578
31296
23613
17785
21981
4952
22049
1678
2972
30560
18817
16456
19492
28906
7861
8557
5036
12712
3517
23248
1362
28554
22230
17802
2134
23847
26955
16008
17798
350
27790
23366
6393
12861
24455
23513
19456
14113
16940
32307
11098
22047
32082
5795
19879
20643
31938
4507
7711
4951
12176
17078
32644
7495
25256
9465
6997
25154
10666
28762
12613
11395
18936
10366
31468
16785
23565
2247
30651
20067
5904
29070
13621
24264
31400
15021
26460
25606
19219
3905
25962
3777
4978
13998
24258
31
8807
28387
23590
5674
13538
15327
24874
22390
17208
20595
16873
16899
9334
29770
246
356
31732
2856
18838
20513
9517
8559
23084
2139
4557
8679
29428
10158
19980
6334
7412
19036
7995
10190
23856
24999
28828
4127
10270
10622
631
29869
10585
8540
3946
14955
13209
3182
23553
10631
27875
15604
25735
13296
2813
12009
7451
1302
13349
13798
30726
16113
22530
16964
9803
2116
5339
385
18048
20515
32007
24036
30173
27315
20645
8548
30611
27441
32653
16327
26206
24373
1926
3079
9310
20280
697
23801
32035
10324
31333
25904
11783
29516
20949
16928
18624
31948
23951
1663
9269
21234
31439
17393
20369
15372
15155
22499
15254
2724
30904
32695
3637
29370
26085
30754
21595
17488
28230
11219
1549
12076
31516
13654
4279
29657
28755
14391
23489
9711
30132
21866
31588
25492
24668
16106
1468
9795
20589
11937
15902
4300
22275
17544
2731
24220
14442
4111
26661
22591
7822
18623
20482
28963
20402
31262
17599
29343
15717
9939
30839
22579
32690
9994
16820
16658
4248
17946
21125
6877
23482
25445
26065
27058
30294
6784
22250
20837
4987
13973
22373
17421
2167
29957
14122
31171
30095
23377
29383
5542
26356
9274
31754
7203
498
2087
28878
7795
4713
25800
13333
16228
3201
2041
7511
30045
22170
8681
12826
11676
28546
8827
7619
13507
17643
1516
23468
2195
19996
21687
18294
30455
16102
23221
1953
11844
26330
22921
1625
8895
4281
14907
27795
28000
30252
547
21337
2005
7093
3849
8034
2506
10470
24202
15078
19304
4305
25789
8624
4379
7871
13847
29557
9369
15141
2188
100
32544
31955
20471
1022
26878
23151
31164
552
12887
4130
2988
31359
26915
3473
10793
26091
12406
15
18826
12919
7428
19728
3777
12640
15076
4321
9018
11115
8340
30103
7
3964
13118
30278
29755
28517
57
25203
27283
16124
20435
13771
12892
2416
21838
6165
20368
4317
8232
6501
5699
3101
12960
32402
5437
30434
24949
12779
5097
10241
24817
11302
10094
8721
8998
27033
8987
21045
27512
16301
26632
12598
15195
9871
22522
31445
31838
19240
28552
28511
2921
32080
19324
21377
2370
20030
7548
8798
5206
29507
21482
9695
20407
16569
30984
26954
23393
20790
3424
14871
8641
11525
24931
11007
7800
1494
12880
19797
604
23220
3671
5273
22719
6200
17407
6219
4597
2300
24773
10237
5904
10835
773
26028
19182
14647
798
23120
7286
2947
14290
14514
3614
2403
23019
17022
22192
23304
19236
921
32591
7840
17478
22452
8885
14981
11922
28194
12734
8116
11359
16358
24874
4226
5380
11281
9374
16266
26616
11851
23277
23274
31544
25519
3990
22447
26857
20956
30094
4493
63
9288
32575
4820
15773
21464
14288
6303
3582
27822
16807
10062
24979
26179
7724
17207
20909
16821
8912
8601
24030
25186
16207
26065
1115
21685
31025
16081
14757
30528
16535
30925
873
14859
564
22327
15012
26668
6810
19182
14602
12184
3767
22707
30121
23353
11679
17372
21706
29505
32652
20812
12056
14269
9762
13986
21508
10605
4600
2481
2919
5331
12629
17457
23145
21386
31799
12211
4003
14297
410
19931
23168
22152
23030
4297
29161
8946
8970
30680
3617
4444
26840
25739
14829
13189
8177
15300
16121
894
5362
10039
12663
20668
30031
2847
24329
876
21839
1071
9441
10758
22360
460
28966
1317
22637
20601
29594
1430
17909
10387
16763
28847
190
5438
28839
7906
28993
18335
28163
2194
12584
10828
4892
5412
28173
18688
16143
24666
27013
24724
30375
27100
14941
11050
20422
25368
13091
15532
11270
3916
4584
885
1695
27105
23877
16717
22924
1787
4764
4251
24041
25166
2464
18902
11168
4147
12568
23869
31812
1275
2272
29896
5437
26243
32048
29278
7462
7176
1824
7752
24691
4157
13932
6630
18775
22939
2165
27296
3813
15609
12425
12576
24437
15964
13668
24766
2633
13328
2039
2876
27760
4088
30568
5300
9451
21282
9817
25550
21519
24478
25965
25142
27178
7313
5896
24910
18793
8325
87
14112
16121
22019
11153
10134
5997
20068
16252
28141
21088
14052
28722
31335
14683
9208
27941
14400
24057
9954
28769
28644
17224
24962
21265
6495
13939
3183
19269
13077
6814
9030
14066
28851
11282
11074
6202
22117
32410
18445
9966
5194
15148
4822
6994
13861
24780
26532
5664
31573
3246
7402
18895
27399
3483
22875
18708
30890
18069
31743
7850
19619
9406
19079
4687
1346
11382
23006
16143
1013
25028
25856
24260
6844
4087
1551
28382
11741
13453
1444
4704
7641
4435
13411
21803
3486
10702
722
13439
22782
12250
19307
4287
20320
9105
751
27764
1718
10862
17150
7317
23215
25010
25317
19974
27693
12295
4791
1118
13561
23140
11423
30189
950
24624
12404
26878
29715
25258
7566
30297
14149
7048
7896
21772
16565
9950
15655
4971
10997
9282
3018
24918
26873
29486
867
20410
6020
3750
32501
10586
736
19482
3901
18640
13522
397
6214
4046
7885
22263
27960
25514
13414
18152
24176
21274
2568
4719
28118
18748
19433
11322
7531
29145
8508
24318
3106
13034
20393
13082
21745
24411
13050
22391
25639
1808
23831
4530
14080
2086
29236
31101
14711
17787
5449
834
13915
9840
30914
7690
3493
17389
26488
26782
9481
26278
23009
16875
18123
15005
27523
14507
25300
23528
17583
7746
26117
8373
19563
16614
7115
17547
14000
4355
19956
22739
17110
13790
5825
7830
15948
21880
6460
11656
8076
5045
5067
3142
19790
3261
262
7644
26108
20131
15046
2186
7015
5701
21374
31176
30392
21363
6607
27527
6313
14419
31318
20154
18933
22531
13257
16149
28684
6273
4418
9236
14860
31688
7898
25408
6637
1084
3194
1966
24059
14408
13038
712
32394
2374
28475
27215
29669
8607
18483
22433
10375
24115
4678
19512
23438
30459
1435
16244
1900
6892
31328
14746
8416
799
16222
8220
16933
16688
16080
5915
5737
19684
25973
7210
6528
5390
32740
15957
32730
6067
544
5986
23218
17772
28012
27222
19593
13324
18528
2875
25043
25731
23869
29729
25072
8194
12926
11107
11357
12384
29103
24363
30252
30653
12418
23096
31665
11109
20512
13791
31359
13814
26301
27984
1939
1222
26479
13851
5582
17535
31808
16883
16553
20748
18050
19889
12068
23737
31074
8604
8959
4757
704
26343
2093
14363
13886
30331
6278
4626
11927
1271
26556
4274
22835
20469
27536
1800
24568
12432
21573
29084
25954
14115
18773
4176
18134
13394
24164
22411
22835
21327
21618
31895
21419
10582
31572
8520
23761
24186
18277
25311
28146
21412
28537
20525
169
27097
10002
2812
15022
20155
18647
6314
3055
29267
1345
9751
29410
2573
27032
17090
23321
17668
21278
22318
18967
5504
8842
23179
20066
13245
17335
2962
25817
15855
23966
12465
18504
6530
16002
9064
24378
31142
22634
10995
15374
12043
25044
27177
25421
9449
28328
25764
19515
12100
5483
24354
20396
3694
29877
7979
31001
19405
11493
19956
28147
21470
8723
644
24375
29050
6726
14101
14659
3673
3047
11709
1512
23764
12406
2125
13504
20207
12156
6010
15810
32406
30145
9530
21011
27431
3262
15985
3871
12337
1621
16333
26601
6524
20672
10734
14495
14409
1736
203
14450
24026
4151
14929
15781
7989
9871
77
2019
17958
4604
18827
1237
21379
12936
3647
17140
30387
10638
7077
1692
7793
14193
19173
13666
1742
8589
7993
2984
26741
13422
3921
20591
11571
13888
32247
31596
19895
23943
9711
349
15510
8209
32033
15005
658
28200
21242
6134
28699
11788
11791
6583
2070
2976
11523
15623
2014
28771
28331
21369
12424
14242
17777
30945
13676
29420
14838
7013
29664
21191
8444
18903
22599
1953
18562
15426
5195
12041
48
19138
2662
8479
246
18073
4775
12873
30705
27008
31923
15656
14478
20283
29450
2251
23025
11632
9099
24354
17304
15801
20795
26549
27963
3576
13122
6805
22007
10987
17718
24467
30380
22784
27804
11697
13220
20330
6060
16086
4469
10612
14677
11206
12584
533
18049
1104
22426
28101
6298
14282
1059
18064
22861
25018
23158
32361
23438
20182
25544
27584
1500
20015
27445
17495
12742
8873
31071
14929
9390
10414
13144
28556
1485
1059
8386
13104
30071
27291
7476
15752
10656
24011
30944
24081
13216
27199
3187
20433
21299
15947
17469
10218
31428
11587
26258
4719
26859
29422
6512
20854
31540
19257
27489
12911
7714
12841
25507
28084
32371
24595
23943
9313
24486
22031
13079
28773
15291
3754
31483
15065
4154
9947
23966
19601
31862
4921
17804
19697
5395
13674
28447
8962
4294
26079
7002
27845
12892
17854
27157
200
5118
27936
8026
11766
14259
18813
22544
11699
294
16484
29142
31785
31914
27248
10802
2780
6011
31351
14571
389
11590
9476
27059
285
3820
7176
30985
7480
26244
29388
14430
32660
7327
32298
15735
27122
8911
1277
8466
2596
18282
21718
4300
21608
30347
3825
14402
22516
3162
16743
17783
16850
7309
8356
3190
494
21295
29980
3640
18030
21152
4410
26311
16705
13022
25497
26276
27643
1538
31095
23398
15840
1550
1383
19365
2110
20453
15941
10774
27905
20379
10863
17399
9089
16879
11058
28334
32670
28438
23683
14509
28431
699
7408
8600
24823
9539
20950
7594
19385
14933
15315
26709
17678
26778
28542
27176
24661
20161
18006
13814
18218
2503
23545
24885
16441
28789
27543
15268
6228
10282
8613
10801
8644
30426
13782
10521
15837
30295
24903
14673
9430
3279
1273
15653
24535
20118
5253
2079
10578
11558
6411
9770
10135
5989
24684
7671
13731
28454
11449
12960
11833
30705
30699
26763
27957
8967
8148
20882
31516
23713
3669
25696
5879
15993
12754
25374
4706
19339
23011
5456
13280
6429
19532
22777
4977
2301
9776
20230
9575
30986
23937
9961
26485
3061
30395
19845
25609
28489
17106
842
32731
17065
14696
7585
17862
1113
17220
30602
9432
9985
2304
21891
21669
13485
6657
16557
21472
8983
32685
7466
13612
15657
4311
32713
11823
17854
6526
1765
7400
14249
10936
14986
30531
18168
9961
14298
22763
1914
24120
11183
9056
23678
20292
24706
25673
5598
24594
25484
30219
24124
9035
1322
3738
24204
32164
14470
12432
15058
16285
5748
12924
19501
1902
1946
20604
15381
32574
22996
31758
25825
19351
17623
24099
7052
15895
8724
16245
18104
8296
23519
19227
26355
11122
22480
24410
29754
32462
24681
24767
13499
11390
20986
17258
28895
11484
3778
16045
10376
20177
32343
24278
11672
30791
7240
26952
18354
19169
23040
18129
17732
233
22509
26679
7621
5770
14818
22804
2363
4927
6842
29924
12545
1931
25407
29277
24007
4843
2122
14591
18138
1545
29739
13547
26278
30002
8010
7416
30841
20234
7183
24324
905
19326
6656
9864
5945
18171
9257
12655
7320
24029
7873
26409
24874
23595
18442
26107
16108
21889
16505
31385
1426
31053
24087
13814
2323
30526
20263
5467
31079
2042
20489
28855
26511
28176
30814
9014
7127
813
25453
8724
8536
9618
14278
30132
10944
6597
21028
18668
13398
13447
6040
675
1848
24839
13028
7583
487
22357
16677
12952
18950
5913
12726
26769
19295
31365
23888
16232
10279
30088
6262
26795
32387
21829
17680
8877
10059
5059
10070
18905
21005
5094
495
5191
8789
22942
15706
11149
12843
4702
7822
6360
7646
464
20701
14139
32000
9927
18206
8262
27826
11381
14347
18139
3874
31710
14824
13373
9297
396
16742
7018
8218
31620
1990
13995
24944
25466
7233
9065
28391
18753
9384
12354
23669
12677
4424
20828
15994
19644
18448
12025
19967
6746
2806
588
8763
19524
7574
13452
9052
32392
28188
29766
6788
5963
17765
13559
785
25347
16993
19674
289
16614
