1
2
3
4
5
6
7
8
9
10
11
12
13
14
15
16
17
18
19
20
21
22
23
24
25
26
27
28
29
30
31
32
33
34
35
36
37
38
39
40
41
42
43
44
45
46
47
48
49
50
51
52
53
54
55
56
57
58
59
60
61
62
63
64
65
66
67
68
69
70
71
72
73
74
75
76
77
78
79
80
81
82
83
84
85
86
87
88
89
90
91
92
93
94
95
96
97
98
99
100
101
102
103
104
105
106
107
108
109
110
111
112
113
114
115
116
117
118
119
120
121
122
123
124
125
126
127
128
129
130
131
132
133
134
135
136
137
138
139
140
141
142
143
144
145
146
147
148
149
150
151
152
153
154
155
156
157
158
159
160
161
162
163
164
165
166
167
168
169
170
171
172
173
174
175
176
177
178
179
180
181
182
183
184
185
186
187
188
189
190
191
192
193
194
195
196
197
198
199
200
201
202
203
204
205
206
207
208
209
210
211
212
213
214
215
216
217
218
219
220
221
222
223
224
225
226
227
228
229
230
231
232
233
234
235
236
237
238
239
240
241
242
243
244
245
246
247
248
249
250
251
252
253
254
255
256
257
258
259
260
261
262
263
264
265
266
267
268
269
270
271
272
273
274
275
276
277
278
279
280
281
282
283
284
285
286
287
288
289
290
291
292
293
294
295
296
297
298
299
300
301
302
303
304
305
306
307
308
309
310
311
312
313
314
315
316
317
318
319
320
321
322
323
324
325
326
327
328
329
330
331
332
333
334
335
336
337
338
339
340
341
342
343
344
345
346
347
348
349
350
351
352
353
354
355
356
357
358
359
360
361
362
363
364
365
366
367
368
369
370
371
372
373
374
375
376
377
378
379
380
381
382
383
384
385
386
387
388
389
390
391
392
393
394
395
396
397
398
399
400
401
402
403
404
405
406
407
408
409
410
411
412
413
414
415
416
417
418
419
420
421
422
423
424
425
426
427
428
429
430
431
432
433
434
435
436
437
438
439
440
441
442
443
444
445
446
447
448
449
450
451
452
453
454
455
456
457
458
459
460
461
462
463
464
465
466
467
468
469
470
471
472
473
474
475
476
477
478
479
480
481
482
483
484
485
486
487
488
489
490
491
492
493
494
495
496
497
498
499
500
501
502
503
504
505
506
507
508
509
510
511
512
513
514
515
516
517
518
519
520
521
522
523
524
525
526
527
528
529
530
531
532
533
534
535
536
537
538
539
540
541
542
543
544
545
546
547
548
549
550
551
552
553
554
555
556
557
558
559
560
561
562
563
564
565
566
567
568
569
570
571
572
573
574
575
576
577
578
579
580
581
582
583
584
585
586
587
588
589
590
591
592
593
594
595
596
597
598
599
600
601
602
603
604
605
606
607
608
609
610
611
612
613
614
615
616
617
618
619
620
621
622
623
624
625
626
627
628
629
630
631
632
633
634
635
636
637
638
639
640
641
642
643
644
645
646
647
648
649
650
651
652
653
654
655
656
657
658
659
660
661
662
663
664
665
666
667
668
669
670
671
672
673
674
675
676
677
678
679
680
681
682
683
684
685
686
687
688
689
690
691
692
693
694
695
696
697
698
699
700
701
702
703
704
705
706
707
708
709
710
711
712
713
714
715
716
717
718
719
720
721
722
723
724
725
726
727
728
729
730
731
732
733
734
735
736
737
738
739
740
741
742
743
744
745
746
747
748
749
750
751
752
753
754
755
756
757
758
759
760
761
762
763
764
765
766
767
768
769
770
771
772
773
774
775
776
777
778
779
780
781
782
783
784
785
786
787
788
789
790
791
792
793
794
795
796
797
798
799
800
801
802
803
804
805
806
807
808
809
810
811
812
813
814
815
816
817
818
819
820
821
822
823
824
825
826
827
828
829
830
831
832
833
834
835
836
837
838
839
840
841
842
843
844
845
846
847
848
849
850
851
852
853
854
855
856
857
858
859
860
861
862
863
864
865
866
867
868
869
870
871
872
873
874
875
876
877
878
879
880
881
882
883
884
885
886
887
888
889
890
891
892
893
894
895
896
897
898
899
900
901
902
903
904
905
906
907
908
909
910
911
912
913
914
915
916
917
918
919
920
921
922
923
924
925
926
927
928
929
930
931
932
933
934
935
936
937
938
939
940
941
942
943
944
945
946
947
948
949
950
951
952
953
954
955
956
957
958
959
960
961
962
963
964
965
966
967
968
969
970
971
972
973
974
975
976
977
978
979
980
981
982
983
984
985
986
987
988
989
990
991
992
993
994
995
996
997
998
999
1000
1001
1002
1003
1004
1005
1006
1007
1008
1009
1010
1011
1012
1013
1014
1015
1016
1017
1018
1019
1020
1021
1022
1023
1024
1025
1026
1027
1028
1029
1030
1031
1032
1033
1034
1035
1036
1037
1038
1039
1040
1041
1042
1043
1044
1045
1046
1047
1048
1049
1050
1051
1052
1053
1054
1055
1056
1057
1058
1059
1060
1061
1062
1063
1064
1065
1066
1067
1068
1069
1070
1071
1072
1073
1074
1075
1076
1077
1078
1079
1080
1081
1082
1083
1084
1085
1086
1087
1088
1089
1090
1091
1092
1093
1094
1095
1096
1097
1098
1099
1100
1101
1102
1103
1104
1105
1106
1107
1108
1109
1110
1111
1112
1113
1114
1115
1116
1117
1118
1119
1120
1121
1122
1123
1124
1125
1126
1127
1128
1129
1130
1131
1132
1133
1134
1135
1136
1137
1138
1139
1140
1141
1142
1143
1144
1145
1146
1147
1148
1149
1150
1151
1152
1153
1154
1155
1156
1157
1158
1159
1160
1161
1162
1163
1164
1165
1166
1167
1168
1169
1170
1171
1172
1173
1174
1175
1176
1177
1178
1179
1180
1181
1182
1183
1184
1185
1186
1187
1188
1189
1190
1191
1192
1193
1194
1195
1196
1197
1198
1199
1200
1201
1202
1203
1204
1205
1206
1207
1208
1209
1210
1211
1212
1213
1214
1215
1216
1217
1218
1219
1220
1221
1222
1223
1224
1225
1226
1227
1228
1229
1230
1231
1232
1233
1234
1235
1236
1237
1238
1239
1240
1241
1242
1243
1244
1245
1246
1247
1248
1249
1250
1251
1252
1253
1254
1255
1256
1257
1258
1259
1260
1261
1262
1263
1264
1265
1266
1267
1268
1269
1270
1271
1272
1273
1274
1275
1276
1277
1278
1279
1280
1281
1282
1283
1284
1285
1286
1287
1288
1289
1290
1291
1292
1293
1294
1295
1296
1297
1298
1299
1300
1301
1302
1303
1304
1305
1306
1307
1308
1309
1310
1311
1312
1313
1314
1315
1316
1317
1318
1319
1320
1321
1322
1323
1324
1325
1326
1327
1328
1329
1330
1331
1332
1333
1334
1335
1336
1337
1338
1339
1340
1341
1342
1343
1344
1345
1346
1347
1348
1349
1350
1351
1352
1353
1354
1355
1356
1357
1358
1359
1360
1361
1362
1363
1364
1365
1366
1367
1368
1369
1370
1371
1372
1373
1374
1375
1376
1377
1378
1379
1380
1381
1382
1383
1384
1385
1386
1387
1388
1389
1390
1391
1392
1393
1394
1395
1396
1397
1398
1399
1400
1401
1402
1403
1404
1405
1406
1407
1408
1409
1410
1411
1412
1413
1414
1415
1416
1417
1418
1419
1420
1421
1422
1423
1424
1425
1426
1427
1428
1429
1430
1431
1432
1433
1434
1435
1436
1437
1438
1439
1440
1441
1442
1443
1444
1445
1446
1447
1448
1449
1450
1451
1452
1453
1454
1455
1456
1457
1458
1459
1460
1461
1462
1463
1464
1465
1466
1467
1468
1469
1470
1471
1472
1473
1474
1475
1476
1477
1478
1479
1480
1481
1482
1483
1484
1485
1486
1487
1488
1489
1490
1491
1492
1493
1494
1495
1496
1497
1498
1499
1500
1501
1502
1503
1504
1505
1506
1507
1508
1509
1510
1511
1512
1513
1514
1515
1516
1517
1518
1519
1520
1521
1522
1523
1524
1525
1526
1527
1528
1529
1530
1531
1532
1533
1534
1535
1536
1537
1538
1539
1540
1541
1542
1543
1544
1545
1546
1547
1548
1549
1550
1551
1552
1553
1554
1555
1556
1557
1558
1559
1560
1561
1562
1563
1564
1565
1566
1567
1568
1569
1570
1571
1572
1573
1574
1575
1576
1577
1578
1579
1580
1581
1582
1583
1584
1585
1586
1587
1588
1589
1590
1591
1592
1593
1594
1595
1596
1597
1598
1599
1600
1601
1602
1603
1604
1605
1606
1607
1608
1609
1610
1611
1612
1613
1614
1615
1616
1617
1618
1619
1620
1621
1622
1623
1624
1625
1626
1627
1628
1629
1630
1631
1632
1633
1634
1635
1636
1637
1638
1639
1640
1641
1642
1643
1644
1645
1646
1647
1648
1649
1650
1651
1652
1653
1654
1655
1656
1657
1658
1659
1660
1661
1662
1663
1664
1665
1666
1667
1668
1669
1670
1671
1672
1673
1674
1675
1676
1677
1678
1679
1680
1681
1682
1683
1684
1685
1686
1687
1688
1689
1690
1691
1692
1693
1694
1695
1696
1697
1698
1699
1700
1701
1702
1703
1704
1705
1706
1707
1708
1709
1710
1711
1712
1713
1714
1715
1716
1717
1718
1719
1720
1721
1722
1723
1724
1725
1726
1727
1728
1729
1730
1731
1732
1733
1734
1735
1736
1737
1738
1739
1740
1741
1742
1743
1744
1745
1746
1747
1748
1749
1750
1751
1752
1753
1754
1755
1756
1757
1758
1759
1760
1761
1762
1763
1764
1765
1766
1767
1768
1769
1770
1771
1772
1773
1774
1775
1776
1777
1778
1779
1780
1781
1782
1783
1784
1785
1786
1787
1788
1789
1790
1791
1792
1793
1794
1795
1796
1797
1798
1799
1800
1801
1802
1803
1804
1805
1806
1807
1808
1809
1810
1811
1812
1813
1814
1815
1816
1817
1818
1819
1820
1821
1822
1823
1824
1825
1826
1827
1828
1829
1830
1831
1832
1833
1834
1835
1836
1837
1838
1839
1840
1841
1842
1843
1844
1845
1846
1847
1848
1849
1850
1851
1852
1853
1854
1855
1856
1857
1858
1859
1860
1861
1862
1863
1864
1865
1866
1867
1868
1869
1870
1871
1872
1873
1874
1875
1876
1877
1878
1879
1880
1881
1882
1883
1884
1885
1886
1887
1888
1889
1890
1891
1892
1893
1894
1895
1896
1897
1898
1899
1900
1901
1902
1903
1904
1905
1906
1907
1908
1909
1910
1911
1912
1913
1914
1915
1916
1917
1918
1919
1920
1921
1922
1923
1924
1925
1926
1927
1928
1929
1930
1931
1932
1933
1934
1935
1936
1937
1938
1939
1940
1941
1942
1943
1944
1945
1946
1947
1948
1949
1950
1951
1952
1953
1954
1955
1956
1957
1958
1959
1960
1961
1962
1963
1964
1965
1966
1967
1968
1969
1970
1971
1972
1973
1974
1975
1976
1977
1978
1979
1980
1981
1982
1983
1984
1985
1986
1987
1988
1989
1990
1991
1992
1993
1994
1995
1996
1997
1998
1999
2000
2001
2002
2003
2004
2005
2006
2007
2008
2009
2010
2011
2012
2013
2014
2015
2016
2017
2018
2019
2020
2021
2022
2023
2024
2025
2026
2027
2028
2029
2030
2031
2032
2033
2034
2035
2036
2037
2038
2039
2040
2041
2042
2043
2044
2045
2046
2047
2048
2049
2050
2051
2052
2053
2054
2055
2056
2057
2058
2059
2060
2061
2062
2063
2064
2065
2066
2067
2068
2069
2070
2071
2072
2073
2074
2075
2076
2077
2078
2079
2080
2081
2082
2083
2084
2085
2086
2087
2088
2089
2090
2091
2092
2093
2094
2095
2096
2097
2098
2099
2100
2101
2102
2103
2104
2105
2106
2107
2108
2109
2110
2111
2112
2113
2114
2115
2116
2117
2118
2119
2120
2121
2122
2123
2124
2125
2126
2127
2128
2129
2130
2131
2132
2133
2134
2135
2136
2137
2138
2139
2140
2141
2142
2143
2144
2145
2146
2147
2148
2149
2150
2151
2152
2153
2154
2155
2156
2157
2158
2159
2160
2161
2162
2163
2164
2165
2166
2167
2168
2169
2170
2171
2172
2173
2174
2175
2176
2177
2178
2179
2180
2181
2182
2183
2184
2185
2186
2187
2188
2189
2190
2191
2192
2193
2194
2195
2196
2197
2198
2199
2200
2201
2202
2203
2204
2205
2206
2207
2208
2209
2210
2211
2212
2213
2214
2215
2216
2217
2218
2219
2220
2221
2222
2223
2224
2225
2226
2227
2228
2229
2230
2231
2232
2233
2234
2235
2236
2237
2238
2239
2240
2241
2242
2243
2244
2245
2246
2247
2248
2249
2250
2251
2252
2253
2254
2255
2256
2257
2258
2259
2260
2261
2262
2263
2264
2265
2266
2267
2268
2269
2270
2271
2272
2273
2274
2275
2276
2277
2278
2279
2280
2281
2282
2283
2284
2285
2286
2287
2288
2289
2290
2291
2292
2293
2294
2295
2296
2297
2298
2299
2300
2301
2302
2303
2304
2305
2306
2307
2308
2309
2310
2311
2312
2313
2314
2315
2316
2317
2318
2319
2320
2321
2322
2323
2324
2325
2326
2327
2328
2329
2330
2331
2332
2333
2334
2335
2336
2337
2338
2339
2340
2341
2342
2343
2344
2345
2346
2347
2348
2349
2350
2351
2352
2353
2354
2355
2356
2357
2358
2359
2360
2361
2362
2363
2364
2365
2366
2367
2368
2369
2370
2371
2372
2373
2374
2375
2376
2377
2378
2379
2380
2381
2382
2383
2384
2385
2386
2387
2388
2389
2390
2391
2392
2393
2394
2395
2396
2397
2398
2399
2400
2401
2402
2403
2404
2405
2406
2407
2408
2409
2410
2411
2412
2413
2414
2415
2416
2417
2418
2419
2420
2421
2422
2423
2424
2425
2426
2427
2428
2429
2430
2431
2432
2433
2434
2435
2436
2437
2438
2439
2440
2441
2442
2443
2444
2445
2446
2447
2448
2449
2450
2451
2452
2453
2454
2455
2456
2457
2458
2459
2460
2461
2462
2463
2464
2465
2466
2467
2468
2469
2470
2471
2472
2473
2474
2475
2476
2477
2478
2479
2480
2481
2482
2483
2484
2485
2486
2487
2488
2489
2490
2491
2492
2493
2494
2495
2496
2497
2498
2499
2500
2501
2502
2503
2504
2505
2506
2507
2508
2509
2510
2511
2512
2513
2514
2515
2516
2517
2518
2519
2520
2521
2522
2523
2524
2525
2526
2527
2528
2529
2530
2531
2532
2533
2534
2535
2536
2537
2538
2539
2540
2541
2542
2543
2544
2545
2546
2547
2548
2549
2550
2551
2552
2553
2554
2555
2556
2557
2558
2559
2560
2561
2562
2563
2564
2565
2566
2567
2568
2569
2570
2571
2572
2573
2574
2575
2576
2577
2578
2579
2580
2581
2582
2583
2584
2585
2586
2587
2588
2589
2590
2591
2592
2593
2594
2595
2596
2597
2598
2599
2600
2601
2602
2603
2604
2605
2606
2607
2608
2609
2610
2611
2612
2613
2614
2615
2616
2617
2618
2619
2620
2621
2622
2623
2624
2625
2626
2627
2628
2629
2630
2631
2632
2633
2634
2635
2636
2637
2638
2639
2640
2641
2642
2643
2644
2645
2646
2647
2648
2649
2650
2651
2652
2653
2654
2655
2656
2657
2658
2659
2660
2661
2662
2663
2664
2665
2666
2667
2668
2669
2670
2671
2672
2673
2674
2675
2676
2677
2678
2679
2680
2681
2682
2683
2684
2685
2686
2687
2688
2689
2690
2691
2692
2693
2694
2695
2696
2697
2698
2699
2700
2701
2702
2703
2704
2705
2706
2707
2708
2709
2710
2711
2712
2713
2714
2715
2716
2717
2718
2719
2720
2721
2722
2723
2724
2725
2726
2727
2728
2729
2730
2731
2732
2733
2734
2735
2736
2737
2738
2739
2740
2741
2742
2743
2744
2745
2746
2747
2748
2749
2750
2751
2752
2753
2754
2755
2756
2757
2758
2759
2760
2761
2762
2763
2764
2765
2766
2767
2768
2769
2770
2771
2772
2773
2774
2775
2776
2777
2778
2779
2780
2781
2782
2783
2784
2785
2786
2787
2788
2789
2790
2791
2792
2793
2794
2795
2796
2797
2798
2799
2800
2801
2802
2803
2804
2805
2806
2807
2808
2809
2810
2811
2812
2813
2814
2815
2816
2817
2818
2819
2820
2821
2822
2823
2824
2825
2826
2827
2828
2829
2830
2831
2832
2833
2834
2835
2836
2837
2838
2839
2840
2841
2842
2843
2844
2845
2846
2847
2848
2849
2850
2851
2852
2853
2854
2855
2856
2857
2858
2859
2860
2861
2862
2863
2864
2865
2866
2867
2868
2869
2870
2871
2872
2873
2874
2875
2876
2877
2878
2879
2880
2881
2882
2883
2884
2885
2886
2887
2888
2889
2890
2891
2892
2893
2894
2895
2896
2897
2898
2899
2900
2901
2902
2903
2904
2905
2906
2907
2908
2909
2910
2911
2912
2913
2914
2915
2916
2917
2918
2919
2920
2921
2922
2923
2924
2925
2926
2927
2928
2929
2930
2931
2932
2933
2934
2935
2936
2937
2938
2939
2940
2941
2942
2943
2944
2945
2946
2947
2948
2949
2950
2951
2952
2953
2954
2955
2956
2957
2958
2959
2960
2961
2962
2963
2964
2965
2966
2967
2968
2969
2970
2971
2972
2973
2974
2975
2976
2977
2978
2979
2980
2981
2982
2983
2984
2985
2986
2987
2988
2989
2990
2991
2992
2993
2994
2995
2996
2997
2998
2999
3000
3001
3002
3003
3004
3005
3006
3007
3008
3009
3010
3011
3012
3013
3014
3015
3016
3017
3018
3019
3020
3021
3022
3023
3024
3025
3026
3027
3028
3029
3030
3031
3032
3033
3034
3035
3036
3037
3038
3039
3040
3041
3042
3043
3044
3045
3046
3047
3048
3049
3050
3051
3052
3053
3054
3055
3056
3057
3058
3059
3060
3061
3062
3063
3064
3065
3066
3067
3068
3069
3070
3071
3072
3073
3074
3075
3076
3077
3078
3079
3080
3081
3082
3083
3084
3085
3086
3087
3088
3089
3090
3091
3092
3093
3094
3095
3096
3097
3098
3099
3100
3101
3102
3103
3104
3105
3106
3107
3108
3109
3110
3111
3112
3113
3114
3115
3116
3117
3118
3119
3120
3121
3122
3123
3124
3125
3126
3127
3128
3129
3130
3131
3132
3133
3134
3135
3136
3137
3138
3139
3140
3141
3142
3143
3144
3145
3146
3147
3148
3149
3150
3151
3152
3153
3154
3155
3156
3157
3158
3159
3160
3161
3162
3163
3164
3165
3166
3167
3168
3169
3170
3171
3172
3173
3174
3175
3176
3177
3178
3179
3180
3181
3182
3183
3184
3185
3186
3187
3188
3189
3190
3191
3192
3193
3194
3195
3196
3197
3198
3199
3200
3201
3202
3203
3204
3205
3206
3207
3208
3209
3210
3211
3212
3213
3214
3215
3216
3217
3218
3219
3220
3221
3222
3223
3224
3225
3226
3227
3228
3229
3230
3231
3232
3233
3234
3235
3236
3237
3238
3239
3240
3241
3242
3243
3244
3245
3246
3247
3248
3249
3250
3251
3252
3253
3254
3255
3256
3257
3258
3259
3260
3261
3262
3263
3264
3265
3266
3267
3268
3269
3270
3271
3272
3273
3274
3275
3276
3277
3278
3279
3280
3281
3282
3283
3284
3285
3286
3287
3288
3289
3290
3291
3292
3293
3294
3295
3296
3297
3298
3299
3300
3301
3302
3303
3304
3305
3306
3307
3308
3309
3310
3311
3312
3313
3314
3315
3316
3317
3318
3319
3320
3321
3322
3323
3324
3325
3326
3327
3328
3329
3330
3331
3332
3333
3334
3335
3336
3337
3338
3339
3340
3341
3342
3343
3344
3345
3346
3347
3348
3349
3350
3351
3352
3353
3354
3355
3356
3357
3358
3359
3360
3361
3362
3363
3364
3365
3366
3367
3368
3369
3370
3371
3372
3373
3374
3375
3376
3377
3378
3379
3380
3381
3382
3383
3384
3385
3386
3387
3388
3389
3390
3391
3392
3393
3394
3395
3396
3397
3398
3399
3400
3401
3402
3403
3404
3405
3406
3407
3408
3409
3410
3411
3412
3413
3414
3415
3416
3417
3418
3419
3420
3421
3422
3423
3424
3425
3426
3427
3428
3429
3430
3431
3432
3433
3434
3435
3436
3437
3438
3439
3440
3441
3442
3443
3444
3445
3446
3447
3448
3449
3450
3451
3452
3453
3454
3455
3456
3457
3458
3459
3460
3461
3462
3463
3464
3465
3466
3467
3468
3469
3470
3471
3472
3473
3474
3475
3476
3477
3478
3479
3480
3481
3482
3483
3484
3485
3486
3487
3488
3489
3490
3491
3492
3493
3494
3495
3496
3497
3498
3499
3500
24818
23300
3691
4501
26984
20906
20126
26563
6340
19236
29643
19123
25299
21913
22215
26098
25278
1567
17565
28014
27532
22321
13107
3976
488
19294
10539
19818
8997
10302
23816
11675
32127
23978
20370
31952
32164
27948
25979
4358
21875
26037
17474
17101
24579
18318
30296
4327
1767
25745
6786
8721
3248
4249
8830
6433
24756
13879
25833
28497
24590
9127
1632
18651
10214
9218
32230
30662
23795
14516
14469
8447
3133
1841
8248
14251
2344
20196
2569
17084
27822
31592
20343
8386
6636
9979
5914
15876
27616
8496
4234
28880
28785
19940
10108
28687
21679
28786
29230
6172
26205
14123
24326
29143
20141
6912
25974
12277
27210
26498
15906
5786
25243
32525
26181
297
27719
12095
29264
31323
20212
10671
29653
6798
6741
29916
30372
8288
11363
26980
22836
30589
27882
3959
1092
8629
25160
28810
17857
13906
881
12624
21227
27560
27447
2022
13748
24301
20681
25166
10600
3659
27001
20766
10899
14644
6082
2681
15904
6902
2953
6463
13246
13199
14243
3201
26504
4802
16536
15160
18148
22890
18598
28726
7339
25871
15625
4700
26763
22967
2170
7438
17834
32254
20214
31972
9356
7529
5824
9378
23607
25848
681
28267
22165
28154
399
7473
23577
27429
5924
4720
17061
11238
8688
3100
940
27126
17050
32472
32148
5422
18531
24680
25694
4508
18163
30313
9608
7126
14680
32063
17202
18318
22092
15184
27265
19559
31158
21616
18753
5383
18292
29083
26318
17518
27480
4330
1076
9606
6768
4544
18325
14587
14731
20804
14027
21836
19704
27413
17743
3363
5521
29241
31065
20450
32505
13910
27721
30846
17185
26916
10822
16016
26385
14370
13605
15785
29925
11912
11916
1766
5909
29565
27991
28869
30970
14475
570
6455
4238
27728
28584
19959
13684
1398
6388
20249
10552
31205
11447
8166
29911
13878
3697
23015
16258
10603
883
13888
671
14558
9980
16704
16145
12408
27042
27701
6073
803
8179
29061
30012
28546
25693
16122
5895
23775
20555
23134
13713
1125
20625
29768
6624
14991
6410
7477
20047
27872
31615
20698
19598
10197
9675
19385
19690
14616
2877
24307
6863
16886
32062
13917
4747
19987
14132
17621
11348
16988
24998
19159
14477
14398
20640
11083
12613
6421
345
673
17665
3560
6931
13344
32443
5971
30531
24955
12074
25028
29938
166
31556
10731
7011
999
13314
17771
20470
18480
23395
9174
9036
15788
31411
23512
31148
32408
11789
6322
4773
18516
2335
31722
13301
2746
14637
18241
31658
430
2136
25318
7559
3318
9761
5097
4009
14925
22825
30450
27243
13746
32314
4915
32646
5126
30859
6555
27773
11222
30528
9293
11320
28790
13361
2640
27630
847
4076
7048
10057
28537
12029
22757
20421
17293
31853
31962
858
32180
13704
26641
5722
32260
25315
18013
29852
29453
25246
32752
7642
29870
26599
19150
16728
16686
5055
28801
15558
20615
2817
7182
616
12805
11680
17449
10868
26640
21296
1445
13244
13894
12456
558
14220
5582
19302
5946
5334
17384
7539
317
22156
7880
20233
16156
22862
17572
10578
18917
29765
10508
9843
29885
10575
5242
17097
2330
8284
16938
29554
29490
29208
4139
26128
4787
1482
30135
28105
948
1659
13248
16787
29675
13148
29643
28590
22561
3938
18689
10865
5604
13363
18307
21066
30076
19525
9727
24833
28704
30788
7553
6716
11881
9141
31627
9544
19206
3290
6759
29718
11698
981
13244
7044
4707
9487
16736
222
4292
4827
24685
165
14310
29271
27287
29327
4658
12179
14780
11982
9635
19702
18877
30869
17458
16861
11405
29145
16529
11396
1159
31829
23323
23338
30981
11216
31500
28784
22830
11682
2029
9987
24847
18805
30547
30842
21742
24393
25289
11138
26330
1723
14859
3384
6791
13190
25973
22998
7001
842
27834
6290
14527
6284
30169
28355
31938
9982
12365
11846
4318
5377
132
8992
25872
22121
32659
25700
19760
25728
9000
11352
2177
30541
8640
31699
26503
25622
26394
3305
1048
17699
11499
22730
16310
20165
3027
13544
31772
30103
6288
19288
16919
18948
24946
29307
19095
11529
24590
10205
7686
16956
13111
12893
15832
17166
13610
12175
3172
5965
16905
4190
26354
22253
17035
18678
9749
6407
20209
14305
30779
13346
32316
2159
19074
21426
13725
5212
13261
1758
3117
2221
5656
11398
5854
20955
27144
24709
12465
4915
26822
20019
4906
11645
2062
3118
21250
6364
31875
25947
5403
5621
13894
13095
4025
31315
3014
11539
11246
7178
1754
20847
23382
8347
2061
19301
30213
13080
13368
31290
13502
25993
24663
32209
7013
16781
28565
27761
26551
19525
22441
5575
22585
365
16229
30511
24430
2508
27532
17711
5965
12495
28133
11844
2290
23921
19085
15074
7316
4701
1937
28342
17847
14679
23228
3886
16291
15832
27054
13115
28180
15096
20526
86
13875
16529
24770
14529
25541
29602
21372
32527
28323
3569
22294
29414
13418
245
14402
2820
31347
16370
4923
20608
19462
30054
17312
24402
2250
10148
1666
20502
14208
4287
700
28429
28913
11689
11138
25701
30501
18588
12605
12730
19670
697
29846
10460
24868
8432
12241
16339
9099
8223
19037
26144
5137
21630
2729
16198
9156
6202
6713
26249
31075
19808
4088
8182
28252
14077
29904
6819
22518
28036
30328
10296
28880
29295
15501
3502
30346
10025
5093
20823
20418
11052
25632
10783
20034
25958
9087
29713
24951
15586
15610
19997
19750
17572
7308
17688
14426
24277
21970
12292
10401
6944
6356
8594
15735
21595
26915
4837
16387
20842
19236
11161
23297
28000
23467
19204
3840
2792
1483
14011
14029
22244
19181
4696
12335
7763
20768
1147
31956
15224
11184
11535
28556
24121
4602
20687
14773
13253
30846
24072
27894
12665
16438
11936
17713
1797
28711
11095
20146
31690
11573
13389
15533
15239
25659
29381
999
22069
23131
30760
3507
30511
6035
20045
5920
6038
24465
23799
4209
12276
11465
18591
4301
11551
25028
11892
12856
11361
9403
24993
27074
17109
6500
3534
12286
21524
27916
25321
3510
15377
26854
11814
24797
20546
32419
1092
28101
31745
834
24851
4243
31793
3114
24627
8943
32292
8822
29470
27136
9660
16528
14440
8343
16081
19969
22598
29098
7635
3463
2638
30469
29617
12648
10365
4156
6393
2567
29566
9700
5184
693
27689
11522
24516
24777
26187
32452
12880
30963
14501
22639
20320
20173
11831
6041
8838
21171
7358
1688
10764
12757
17531
19770
29915
27786
23862
22967
14235
9960
29827
21987
15644
26513
324
31912
13813
14543
20591
25524
11115
24548
12049
3439
6548
7835
30099
22320
29884
13091
22588
6064
7687
2589
8440
447
2904
22260
13912
7989
9842
1645
5081
30764
10077
16255
5993
14956
28172
26212
18471
29991
7996
22000
31339
15591
2207
17186
29958
19396
4154
32505
31691
29146
13067
2696
25422
27130
22256
12621
4587
26272
29636
7615
4618
27429
22475
7206
6562
17718
2896
32687
11004
14981
6028
24000
12986
16062
13514
5001
18199
17853
9161
18908
27760
1534
13922
27454
772
16213
19306
16446
16888
23007
16858
9733
25502
28984
10029
4911
26358
8174
9482
24281
2677
7990
29219
32251
25606
3806
19037
11001
14927
31107
12849
11124
821
26884
2386
10342
11170
7990
12432
19566
3205
18138
18172
7272
12571
12492
16973
15937
21102
29053
26242
8713
11291
29346
24777
16714
3671
19758
2464
26777
20788
32638
4666
16234
3361
21460
8484
553
15536
2823
8744
8838
11165
8057
19826
16912
22283
13384
10737
15109
8976
1225
3840
11112
2420
26674
26950
13909
9654
15766
18138
28562
16976
21527
28331
9574
19260
9047
1824
31918
18871
26671
4091
4909
19781
31140
13187
7204
26101
27158
13026
11042
5094
18619
29132
8478
20490
5964
25953
28611
4650
18430
27221
9995
30763
22452
17998
271
29327
22643
22669
24606
6719
22
15825
29452
4999
3907
27512
29644
8802
9373
1512
13377
21496
20539
30253
27986
24933
31578
739
1085
12220
30798
28759
14893
4427
20159
27625
31246
11297
6161
18101
14496
10702
36
17266
6858
5226
15934
31641
22066
1241
6725
8138
10
1612
21042
5997
15917
21259
29634
17301
3690
20083
32366
26921
6175
24634
24990
1605
15370
5371
11034
5854
22109
10222
31169
3237
26384
23030
2173
32302
5243
14818
25974
20818
15396
16876
10630
25810
1494
28294
17390
32060
11507
12887
11847
30995
29706
27520
7355
4138
30380
15907
32372
8785
19836
30758
25173
22835
14470
25140
5096
8575
17362
8709
1176
16198
6712
4576
21793
421
31349
12638
4932
22947
639
4976
32703
22620
17686
28067
28796
22624
23964
11427
8969
22102
30246
12798
4936
15589
29651
7979
10856
10196
15709
20939
23059
25199
20461
29998
30697
9517
5684
19737
27950
22161
13751
7623
3775
21326
18026
21805
12619
430
10369
22915
19903
13364
27779
8447
18946
8065
416
30436
14819
26484
7748
4539
11344
1941
5868
24288
22728
6836
5945
10049
16658
17869
28994
29027
6960
18991
30511
17574
6031
733
4868
12745
22400
20789
4282
17584
10220
15567
20116
17253
21570
19112
18352
24158
9653
20352
11485
13822
25253
16768
32684
22877
25178
19744
25546
8780
2296
12616
6796
4756
16303
9909
23756
5759
15667
22175
1780
20634
12908
9369
19288
21176
12142
20408
24265
26682
21675
12023
21350
21902
9319
3290
5558
12534
2157
26194
16372
14475
24577
4321
14250
18817
10773
3070
18818
23724
8128
443
14168
11331
21227
15013
27795
26341
9550
2284
19638
5081
11163
28356
20530
3226
20728
1034
25471
12179
20147
24363
15466
12327
19505
1346
6577
10228
15144
9600
8397
19801
17422
9169
19983
29493
22226
14012
10990
13810
13257
7307
16032
31171
235
11181
27879
7721
16191
16984
14126
2748
13460
22899
5076
31016
7538
16050
20424
8310
15184
14851
11862
9613
4871
8745
15168
29944
28551
9382
785
27113
31945
17631
9646
26238
3845
22139
30510
16708
27172
30476
8939
11258
7544
19185
1241
30615
18347
379
11543
22926
22261
25678
16836
5712
6546
30218
13076
13586
12916
25643
30115
8401
17973
20526
14089
23188
29775
13302
16558
8434
28815
25965
31968
12499
20679
32110
21026
891
25284
9699
18631
11716
7807
4906
11968
17578
2199
11454
11699
27405
6399
10515
1869
27827
31220
8385
27608
2701
13107
23781
7952
23611
5480
25796
24370
27345
31209
3762
16983
26844
10916
6195
32256
11168
1623
2399
19698
18852
13567
26507
26436
625
146
31525
16566
21398
9712
11488
324
24303
12823
15889
27643
1575
16279
24665
10252
24444
10311
28805
8223
26562
32565
22706
27625
5547
26339
23989
30721
12869
6064
23482
24559
6852
10900
13866
11910
20354
31760
32467
30837
29764
15205
6211
1304
9663
31237
22388
31124
18523
20295
26799
14882
13366
25694
31658
30123
25196
31884
31476
3990
32662
19859
21138
23518
1936
15469
2539
24935
20096
21052
13537
5778
6931
32132
65
19471
13834
29592
23901
14834
4854
18002
4343
25353
30271
519
10593
17005
15467
26554
8163
30552
9885
6032
10589
25398
20572
16260
31277
28159
12950
8796
339
25795
22501
2780
24275
9863
9744
32569
6491
4943
24789
18641
22310
29052
18918
9240
7712
15704
561
11478
24395
5872
4196
23184
20833
16930
12465
8515
24251
27894
20943
2649
10865
12338
25409
22997
28867
32296
22746
5073
18104
29651
1921
30250
32004
16418
16178
14970
10799
5524
17989
13382
8180
23045
6643
8057
20456
2248
6166
13073
25436
31477
30256
19481
2691
2564
10671
17623
18136
16539
9583
19526
13498
3493
4225
20935
6233
11684
23083
22803
12758
15944
20271
19060
7334
12352
5200
4917
15928
2896
10771
10838
2007
14500
24003
19845
4049
18276
19383
2634
17881
24456
22232
26498
18090
22254
14685
17166
4845
7337
4825
14284
11613
28317
6008
8134
25641
3401
17541
1706
18841
25059
15920
8315
8181
19114
14991
6277
15523
376
7650
19606
9871
20630
11291
18539
29648
2517
29598
5481
10888
29658
21829
12942
10507
8634
19879
18598
22852
26823
25498
28354
13141
26793
24566
4838
21374
22960
12956
23298
10048
5480
10423
4643
30146
3438
22594
30187
18291
9347
25803
30783
28913
7647
374
18751
17706
5831
21572
15739
12993
15970
7829
25699
20659
16329
20204
25344
7738
4701
24563
26338
31217
9309
10431
17754
5177
5048
596
6889
24796
26911
26220
32503
19441
2399
27508
8136
13824
20718
16856
23213
31590
3523
5760
9335
2810
19307
32411
22065
20464
9562
20635
12815
29438
4991
3712
13473
14014
25883
17754
1612
29524
24018
1545
8443
30032
10499
23368
32274
17366
5973
24810
24740
4604
23186
24674
4069
24435
13241
5769
5602
3178
18254
1692
22127
25775
3061
32388
4705
26135
1855
12379
11006
17953
19652
1323
14770
31446
29554
3321
20484
19187
29988
12290
29639
10570
11382
1348
11157
24422
25816
29248
12153
19310
12514
30719
4588
13643
31464
20819
29955
32525
973
18015
8166
13451
17436
22873
2180
15946
25428
12431
9605
15265
14724
25000
7296
18458
3864
557
8303
12314
3827
8520
5216
22725
7870
3787
18029
24348
4479
4979
22253
12904
26733
32367
8172
11740
5635
11292
12505
30070
30547
27155
12927
6694
30621
23653
18231
18738
4640
18469
15195
2777
9776
26407
6653
21559
20873
10504
31193
28776
17635
1390
5769
1264
18118
17297
2552
13658
22688
23291
14873
10784
12821
20876
20185
32459
1686
15040
17490
23387
18741
15413
27969
15593
25271
15207
31162
12683
3563
6334
22042
2936
20027
7116
30270
20333
13441
29903
24818
25167
26140
30590
4012
14865
6722
29442
30331
5592
407
19266
18490
349
19455
14179
19209
10131
16561
18831
20734
14475
7310
9206
10519
26260
10928
32531
7283
16038
19269
25905
19394
24577
23710
18221
251
22289
14979
20093
18765
8085
18378
4209
27479
4608
13864
1721
3483
16415
70
28968
8496
1277
18967
1208
25784
19460
7018
3021
5010
21348
10427
23486
5457
28089
7759
17297
16748
1768
8576
22534
2870
28745
31829
16600
10769
14348
10069
27455
4575
4053
9629
17849
20410
1706
26417
26890
7909
6671
9616
21121
18946
25199
28299
4990
11397
24254
20822
6705
26728
9053
25056
30628
9249
28734
1632
18172
25809
29256
17200
6652
22718
13309
30943
3786
9731
346
18562
29430
4486
17150
4682
6072
4651
5263
16988
15225
9287
6746
24540
11413
29016
23097
4683
2400
8179
7098
4372
16743
24573
4989
12641
15352
1822
24030
1587
18404
20851
3284
18098
14467
6787
19737
28354
21497
8821
26252
19926
30392
13184
7123
30729
4166
15266
11588
19819
23873
11925
774
2968
672
17407
17011
7568
28219
26089
21185
7618
8334
25458
5346
15978
17337
15300
21160
3101
13260
5448
10541
16034
23618
13590
29298
3076
3787
2736
29254
12773
14159
9199
19050
10517
4399
7485
31218
14180
16846
25093
27630
21428
31824
20840
22858
4178
4769
6962
499
32646
6073
26892
315
18024
30495
10227
16767
20982
9644
1512
21255
25188
20370
30697
10797
24755
10141
23585
2242
12933
15288
3164
5805
48
29362
29885
28117
8465
5954
691
7490
8739
5193
41
26495
6863
18008
12029
16450
17414
1650
14516
19790
1422
21011
18028
28313
28057
13424
21777
4522
18076
21761
6612
21574
16222
20285
2777
14923
22864
14245
24624
31452
4380
29187
8455
10430
30080
15604
4382
14850
8285
5796
4731
13029
17931
24281
20318
30708
20208
23091
16503
2932
12113
31410
25431
14848
29031
4472
13605
31348
9654
19920
17810
1290
11674
11632
30222
26051
5155
16891
14653
3593
26914
28618
26276
10642
21124
2540
30377
14983
18399
28523
15034
16614
11339
3537
26060
28965
14963
27883
30983
15896
30444
10189
26815
14868
7365
30486
3495
4949
14431
12406
13889
12189
25726
24429
27801
11038
23969
23381
17459
16026
24463
32418
17474
20681
307
25449
16922
14075
681
18719
16360
26878
16793
1956
9121
11330
18372
13183
23096
31291
10204
22380
15124
9735
7321
26388
16321
1361
7689
20251
25574
8309
24872
18015
16759
11748
30128
17535
15659
23755
30258
16795
22321
13039
32358
9051
29727
475
23488
31539
12843
14142
11331
31205
7837
3215
24474
15431
24452
23026
20069
21830
9640
4191
23505
14635
31425
7937
21867
28189
16358
18396
1334
9703
28744
10163
10746
9468
31776
29993
18912
6840
20454
15142
4924
20201
23492
4732
16298
18574
12106
7883
11612
20959
32099
21154
8882
32141
7304
16102
28683
4426
22323
29048
25564
31116
8343
10002
17663
10894
398
21618
18253
4760
20947
19131
11886
385
4465
31512
4848
10610
30331
7586
32151
7404
766
16260
19700
28173
14132
31836
6457
21263
13306
26341
2636
29713
24964
25812
21530
17946
28240
511
19758
5979
14936
32452
21378
12468
652
7593
29589
12410
24703
29760
1469
632
29281
17230
13759
6451
16173
6699
10397
19571
11043
18796
13487
254
4217
26816
24565
32167
20558
29720
6316
4487
28639
17419
23583
28555
5629
25976
16320
25391
31935
5229
4215
17032
11124
24135
31802
16776
3291
12059
31198
2686
13719
20053
25389
16348
28381
3743
30008
19261
22896
13573
10991
7590
15567
23382
9710
17676
22188
20941
6554
31511
16033
17392
27757
4390
12831
9401
910
23955
23719
9716
27813
3640
28732
16104
23021
1074
8728
1593
9355
7396
24478
25357
18718
3135
20368
22894
4759
11329
29570
30192
26443
26044
32142
7315
27718
5721
11850
16106
29410
6108
20215
15741
25753
19626
7163
30829
8472
21896
13202
21334
660
21669
23744
12409
31841
25051
14986
10011
1985
5170
16229
31016
21242
17574
29935
3100
26283
28202
27613
26915
13663
20204
26676
2175
18787
11995
7613
27691
1237
28519
4274
19902
10238
18567
28350
25489
4578
22273
29733
292
28436
24550
12606
5822
19151
27995
17450
21588
13891
10399
23232
29612
31277
5450
4295
28099
1706
4563
32360
8043
5453
16725
2786
8504
12655
17043
22400
22173
6854
22585
22217
30803
13882
26213
25590
7674
243
26981
28329
2819
14775
18883
3803
17101
13427
12670
5398
10254
3095
18075
27365
11125
9895
28380
22410
19854
16271
208
31982
30693
27704
1548
8414
29038
20184
29367
5747
29220
27534
30284
23506
6641
21422
18843
16406
20174
7002
7697
9611
17963
19794
4666
13341
15761
20748
20356
4112
9862
30472
13638
26865
18865
8030
13568
29900
9534
11929
17381
11167
2692
17607
1430
22287
16101
27345
5169
19034
9206
10761
2442
22157
10976
16898
11704
20215
5895
28836
28372
12765
21481
127
1533
18799
25160
4448
28063
22779
8331
20258
3317
10849
29282
2759
15565
4039
2985
27080
2444
11661
25231
8104
22129
8323
3319
26063
17950
21594
3358
9622
3156
7769
20862
2207
3326
28753
27635
25447
27761
14291
17437
11806
29938
15776
18693
32694
30072
6497
26115
16186
32180
3481
16095
32609
6991
24535
30518
14435
31859
304
2335
21515
7052
6892
28431
16397
22608
21376
9466
31387
8701
24509
17595
19763
5857
13382
16822
10683
15648
27463
1980
24015
14514
12900
303
4186
8875
21744
18534
15715
26047
13920
2130
9258
17413
20735
20578
23412
27131
3299
24485
35
13003
799
11055
12809
460
314
9149
21246
21836
24800
32412
15408
30349
2008
1478
23995
27405
9270
13135
31866
2826
30930
7167
540
24902
19960
27969
4986
14344
23137
571
24871
30563
14434
21567
26185
14522
15204
19042
2472
13188
14740
11370
21765
26445
7644
15598
13997
9981
22033
16056
334
26973
29038
26990
7688
727
833
4466
9415
11390
7652
1798
20177
31822
31215
28852
30619
12980
7596
9453
8161
337
6347
18160
9973
12027
10327
10989
11864
15620
22249
17770
23431
29119
27932
10727
27671
27713
17984
23741
20484
9573
23891
31820
15943
531
9773
1365
30630
23233
1786
13989
11216
7225
1517
22516
13481
26013
32563
26636
7139
18345
30502
30254
7886
2361
23748
10929
9329
5387
20575
17132
23001
29893
17045
1110
26801
32058
32643
27372
31763
4073
31286
5843
1950
5574
27746
15679
1225
5950
7767
8339
6774
5493
27440
21450
25291
2258
21838
19733
17213
10429
16133
3013
2797
24743
7060
21868
19256
5707
11355
20031
7817
9524
7752
28863
20850
13184
7059
10393
8700
17379
9643
5322
2363
10479
19312
13574
17189
15762
4002
1627
2212
1760
5017
21266
12265
8978
23095
14806
9988
10703
14108
12312
31921
25003
15896
945
27509
28398
18150
8137
6890
24470
22807
6392
2903
14495
5196
17580
24452
26753
26792
24523
30925
17147
13189
2201
6516
27151
5222
4059
316
18510
3629
25917
14387
85
18575
8945
31695
30104
1476
31897
572
21086
8323
5479
2037
12045
9773
386
23442
16040
24905
30380
23520
9366
26672
28707
7223
22437
1033
18884
8968
13902
1016
5750
30390
12347
20627
13766
27815
10502
21398
27855
28314
30788
2007
1629
10811
10946
17788
15954
24308
26894
7787
31816
15879
10041
24322
8567
4314
476
1801
28121
6545
27737
20196
16525
25058
5219
3341
14202
27685
7873
4034
29236
31403
8526
16123
31779
24913
32325
6815
8674
5461
1211
26871
13797
28520
31341
10595
2143
21508
29372
8012
5730
13823
5878
2393
13384
10081
17367
22758
14163
27763
8272
32178
25232
17688
4486
6615
6913
24672
12318
12800
9978
11867
8888
11734
31948
1067
441
15547
25761
18013
10318
29371
29095
3450
5806
12735
5745
30936
18847
13060
22682
9142
11067
17612
26539
28808
244
4180
6974
7824
31446
31749
7268
23982
18444
32238
15941
21625
21670
29298
18950
19598
5273
19262
16880
31017
7
10879
24526
3058
9409
15953
21142
3097
28939
28794
32588
9124
7071
15960
18724
22280
19700
19736
9447
23287
28095
3625
31639
31866
16059
2032
8278
20287
7589
5822
23940
5684
7051
14847
23848
6741
18503
16820
28817
25537
22343
28707
31549
2324
399
25548
1273
2289
18688
23968
14154
25054
218
14190
18956
23637
16256
7838
9049
15127
7547
26401
11948
17860
26050
2728
12102
25001
6968
10260
4561
11481
30583
5934
324
20351
