1
2
3
4
5
6
7
8
9
10
11
12
13
14
15
16
17
18
19
20
21
22
23
24
25
26
27
28
29
30
31
32
33
34
35
36
37
38
39
40
41
42
43
44
45
46
47
48
49
50
51
52
53
54
55
56
57
58
59
60
61
62
63
64
65
66
67
68
69
70
71
72
73
74
75
76
77
78
79
80
81
82
83
84
85
86
87
88
89
90
91
92
93
94
95
96
97
98
99
100
101
102
103
104
105
106
107
108
109
110
111
112
113
114
115
116
117
118
119
120
121
122
123
124
125
126
127
128
129
130
131
132
133
134
135
136
137
138
139
140
141
142
143
144
145
146
147
148
149
150
151
152
153
154
155
156
157
158
159
160
161
162
163
164
165
166
167
168
169
170
171
172
173
174
175
176
177
178
179
180
181
182
183
184
185
186
187
188
189
190
191
192
193
194
195
196
197
198
199
200
201
202
203
204
205
206
207
208
209
210
211
212
213
214
215
216
217
218
219
220
221
222
223
224
225
226
227
228
229
230
231
232
233
234
235
236
237
238
239
240
241
242
243
244
245
246
247
248
249
250
251
252
253
254
255
256
257
258
259
260
261
262
263
264
265
266
267
268
269
270
271
272
273
274
275
276
277
278
279
280
281
282
283
284
285
286
287
288
289
290
291
292
293
294
295
296
297
298
299
300
301
302
303
304
305
306
307
308
309
310
311
312
313
314
315
316
317
318
319
320
321
322
323
324
325
326
327
328
329
330
331
332
333
334
335
336
337
338
339
340
341
342
343
344
345
346
347
348
349
350
351
352
353
354
355
356
357
358
359
360
361
362
363
364
365
366
367
368
369
370
371
372
373
374
375
13605
19030
681
7273
18350
23099
11185
2411
29087
3533
28690
17737
12349
21386
4445
9253
31926
7988
22108
11115
31065
12850
16878
15700
32517
17204
11281
7599
7906
18710
28993
13280
27728
27911
11265
11817
8989
26602
11447
27176
32251
20220
9148
18081
20785
5047
12724
17022
15760
15095
21019
3348
4009
3932
21537
27560
7997
21231
21944
6194
17141
13320
29931
32096
11347
2415
11121
29662
16361
6593
2178
25813
15817
29205
15593
30130
20028
4064
11611
8488
18103
25110
32519
24952
15114
26002
21102
20464
11995
24760
8309
23985
31571
601
28088
2486
15639
26582
18466
14354
24186
20105
17083
3705
4593
29792
25536
31234
20679
27595
14585
16939
12817
26329
1607
19742
11749
15774
17021
31027
8391
13271
22128
12213
9060
16849
21074
5353
2691
25734
3387
31052
9016
14601
25353
28701
32602
26405
1130
12059
26168
8001
3383
7056
15752
12167
21764
10382
32416
29766
11765
27257
3049
10132
1491
965
31376
21559
7518
20225
9342
28614
18917
27157
5771
24587
29973
1736
12014
28588
20239
9349
32760
30218
26301
5982
19203
13930
7269
81
10149
14931
8830
6858
11049
11062
195
874
9279
28501
19847
23559
16114
3549
4424
28916
9435
7765
2182
17282
28052
18236
14293
7622
29552
4078
1586
5021
24681
2504
20883
5358
1882
5260
12738
29999
23919
16903
23914
3115
10201
7409
25970
21506
12742
22292
14987
10353
7824
8881
12549
2899
11316
15135
30439
4712
31239
24757
12350
25174
10148
19434
11701
23277
24617
23483
29030
22703
9635
845
30192
12176
28870
15060
27594
17146
30946
30643
24791
24340
14354
28645
1594
14148
32695
11419
2155
11763
12580
12326
11658
18832
28315
13080
11764
31447
22649
15526
31509
6227
10925
6737
26749
13089
20078
31430
27445
10488
13358
12290
25427
5990
2505
23737
9164
5212
8451
4345
11402
20461
6705
6667
19134
851
10038
2458
4984
20787
31409
14358
27765
31522
14197
18011
5943
4199
29754
25230
29275
31234
10130
21576
25896
2030
4126
5111
10596
25508
27905
29057
26475
3040
6805
3626
22658
15783
26461
11703
25448
28297
13627
8915
26414
15396
15075
23219
10313
29929
31120
19446
5094
7715
15094
19663
19837
6964
11127
5221
15017
23074
25753
27514
311
10579
31672
20555
11132
6805
26872
4536
26348
5986
23166
9637
4329
