952
21177
28044
11905
31876
20550
2636
12357
9832
8005
10381
24585
29388
13645
18968
20670
8169
12933
15882
18016
3547
12901
16005
11481
27127
6593
5797
30242
9310
1539
25782
9131
25554
16824
19620
32509
27593
25166
11954
17822
10432
29467
13935
19508
22226
20898
21991
23790
30345
7954
278
21792
1012
27408
15778
17965
9210
31670
23241
7594
15341
22236
26007
6336
10083
28822
11613
1746
65
8957
27744
8032
11544
21299
26830
28460
10677
26529
8694
8347
15859
29571
23991
9053
5844
15271
10809
30544
30160
30833
10204
7842
27245
31011
12142
31543
18960
3163
10401
6986
23059
20958
9404
14678
24599
22931
4496
29495
3228
13267
6318
31884
29647
22240
32471
20577
2210
32178
6068
9739
20002
25594
8647
11602
13062
865
7842
21974
19331
13840
31575
9643
23912
25206
7471
25415
29286
5189
9887
5790
25775
9918
2167
9611
6596
25647
13149
3954
24455
16058
32122
3108
8088
1623
4211
4610
23774
16412
29595
1894
12132
701
1639
9022
12903
31823
32546
16634
6317
1361
16865
11177
23320
25836
9146
9310
13690
10874
28209
10201
26027
16454
14067
14179
24793
7058
24519
10490
29472
11743
21185
17070
32090
31592
20152
9547
17721
31472
22523
19000
2963
8893
8512
6303
23804
18149
221
21966
20634
11464
17979
29918
10549
30686
903
2450
3214
21427
8106
25217
17650
32559
17532
3704
16654
7451
32052
20762
17925
28129
6436
19145
1984
22163
9891
22474
7046
22831
6730
27299
30924
25122
30307
26056
31822
3850
1694
14455
8542
21184
1030
17121
25980
6806
13620
17802
2600
22749
24258
24562
10484
6315
6147
25205
19933
32475
22513
30576
3035
23636
20071
26533
16311
13711
23953
32225
29981
25427
18336
19932
8690
12483
25794
25184
11239
6811
30033
5805
27727
5047
25674
7965
9774
29397
3586
1284
8850
28059
24340
6618
26406
17628
24478
9628
15108
1559
32429
21615
28107
1600
12789
10119
5361
31171
15814
27975
13147
19911
14651
1193
32555
9903
8885
28641
14810
10215
6279
31293
20102
26845
2547
30032
10893
15181
29782
20815
1114
9922
159
5307
1151
15706
5381
30528
1284
11721
12026
9182
23295
13984
6490
26182
24165
24272
21225
18311
9248
5993
14588
24041
7778
10920
19062
21529
5944
7217
5878
27527
14690
24217
11855
32269
7010
551
9273
17105
211
16604
31814
23148
17916
2992
4631
26188
10661
32031
20943
12118
26921
21732
21704
8144
25293
24837
13957
5247
12880
30735
13800
18700
31684
26787
30373
25517
22684
561
30455
25601
6917
6916
3474
31035
23418
14207
984
898
1170
13990
8271
17560
20765
10208
13651
954
28784
11770
2056
10440
17661
4976
9107
4774
28967
29672
27786
11490
9812
7936
2216
2199
27203
6217
28358
31889
18080
22675
13062
4273
5845
13420
25426
14483
26660
3043
2053
8559
8178
10130
7399
5949
23654
26331
5727
17693
17203
9073
18148
21749
12978
28186
14517
12892
2356
2228
20426
29879
30358
16758
18442
13473
3094
4985
25534
20625
32356
12407
24134
25782
19965
22482
30474
31270
18868
7896
10420
12600
8081
3653
24733
27438
28639
14601
19076
14104
5761
12364
1158
1525
7813
30896
20298
27162
5116
25814
3709
26072
10248
31011
11646
3417
23350
15556
15450
32715
8718
7151
22778
31680
14313
16236
14491
4821
5123
32085
25983
16530
13521
18202
1250
26770
13717
14535
14640
32740
25135
11658
29813
26032
15670
32112
20245
12062
11335
18543
14013
27251
16029
29353
2457
7550
16866
13807
29128
818
6469
27780
5389
19604
2765
31012
27847
26840
30445
28741
23075
6342
11864
26269
19088
20835
23062
2276
115
12750
10712
24795
21532
4200
15497
27533
249
25399
30501
25813
21258
1933
15822
27680
18581
11492
17181
26228
31771
26381
25014
16818
27274
11146
13343
32024
27060
15928
24274
6921
25344
20785
16528
24593
9824
23536
31993
804
27011
28086
5466
13094
18251
32557
966
5553
21377
1867
3176
8978
5832
22394
14615
916
1743
758
13099
20994
20171
21878
28559
26471
31781
7438
24856
5144
25455
19284
9493
27124
20893
12738
24104
31723
23922
23899
12628
14013
27960
21905
6486
14084
17588
16999
1081
16501
12121
15827
28453
14947
6844
21606
29816
21892
13640
31022
23
16120
25907
28892
7687
1159
11184
30754
5943
3627
18535
10591
20640
20686
12578
25982
8336
7764
12745
17435
3651
14044
18576
20200
12212
32579
4719
3152
6578
234
23507
7514
5686
5818
10643
29391
5364
27493
20005
23967
2608
11502
24338
32385
12243
6507
7847
22746
23742
18698
11757
3296
26206
22866
6876
31999
16513
23979
7884
25212
20328
14625
8492
5464
8221
17765
21110
2935
31495
27412
